32 32 32 32 32 32 32 32 32 32 32 32 32 32 32 32 32 32 32 32 32 32 32 32 32 32 32 32 32 32 32 32 32 32 32 32 32 32 32 32 32 32 32 32 32 32 32 32 32 32
32 44 44 44 44 44 44 44 44 44 44 44 44 44 44 44 44 44 44 44 44 44 44 44 44 44 44 44 44 44 44 44 44 44 44 44 44 44 44 44 32 44 44 44 44 44 44 44 44 32
32 44 44 44 44 44 44 44 44 44 44 44 44 44 44 44 44 44 44 44 44 44 44 44 44 44 44 44 44 44 44 44 44 44 44 44 44 44 44 44 32 44 44 44 44 44 44 44 44 32
32 44 44 44 43 44 44 44 44 44 44 44 44 44 44 44 44 44 44 44 44 44 44 44 44 44 44 44 44 44 44 44 44 44 44 44 44 44 44 44 32 44 44 44 44 44 44 44 44 32
32 44 44 44 44 44 44 44 44 44 44 44 44 44 44 44 44 44 44 44 44 44 44 44 44 44 44 44 44 44 44 44 44 44 44 44 44 44 44 44 32 44 44 44 44 44 44 44 44 32
32 32 32 32 32 32 32 32 32 32 32 32 32 32 32 44 44 44 44 32 32 32 32 32 32 32 32 32 32 32 32 32 32 32 32 32 32 44 44 44 32 44 44 44 44 44 44 44 44 32
32 44 44 44 44 44 44 44 44 44 44 44 44 44 32 44 44 44 44 32 44 44 44 44 44 44 44 44 44 44 44 44 32 44 44 44 32 44 44 44 32 44 44 44 44 44 44 44 44 32
32 44 44 44 44 44 44 44 44 44 44 44 44 44 32 44 44 44 44 32 44 44 44 44 44 44 44 44 44 44 44 44 32 44 44 44 32 44 44 44 32 44 44 44 44 44 44 44 44 32
32 44 44 44 44 44 44 44 44 44 44 44 44 44 32 44 44 44 44 32 44 44 44 44 44 44 44 44 44 44 44 44 32 44 44 44 32 44 44 44 32 44 44 44 44 32 32 32 32 32
32 44 44 44 44 32 32 32 32 32 44 44 44 44 32 44 44 44 44 32 44 44 44 44 44 44 44 44 44 44 44 44 32 44 44 44 32 44 44 44 32 44 44 44 44 32 44 44 44 32
32 44 44 44 44 32 44 44 44 44 44 44 44 44 32 44 44 44 44 44 44 44 44 44 44 44 44 44 44 44 44 44 32 44 44 44 32 44 44 44 32 44 44 44 44 32 44 44 44 32
32 44 44 44 44 32 44 44 44 44 44 44 44 44 32 44 44 44 44 44 44 44 44 44 44 44 44 44 44 44 44 44 32 44 44 44 32 44 44 44 32 44 44 44 44 32 44 44 44 32
32 44 44 44 44 32 44 44 44 44 44 44 44 44 32 44 44 44 44 32 32 32 32 32 32 32 32 32 44 44 44 44 32 44 44 44 32 44 44 44 32 44 44 44 44 32 44 44 44 32
32 44 44 44 44 32 32 32 32 32 32 32 32 32 32 32 32 32 32 32 44 44 44 44 44 44 44 44 44 44 44 44 44 44 44 44 32 44 44 44 32 44 44 44 44 32 44 44 44 32
32 44 44 44 44 44 44 44 44 44 44 44 44 44 44 44 44 44 44 32 44 44 44 44 44 44 44 44 44 44 44 44 44 44 44 44 32 44 44 44 44 44 44 44 44 32 44 44 44 32
32 44 44 44 44 44 44 44 44 44 44 44 44 44 44 44 44 44 44 32 44 44 44 44 44 44 44 44 44 44 44 44 44 44 44 44 32 44 44 44 44 44 44 44 44 32 44 44 44 32
32 44 44 44 44 44 44 44 44 44 44 44 44 44 44 44 44 44 44 32 44 44 44 44 44 44 44 44 44 44 44 44 44 44 44 44 32 44 44 44 44 44 44 44 44 32 44 44 44 32
32 44 44 44 44 32 32 32 44 44 44 44 32 32 32 44 44 44 44 32 32 32 32 32 32 32 32 32 32 32 32 32 32 44 44 44 32 32 32 32 32 32 44 44 44 32 44 44 44 32
32 44 44 44 44 32 44 44 44 44 44 44 44 44 32 44 44 44 44 32 44 44 44 44 44 44 44 44 44 44 44 44 32 44 44 44 32 44 44 44 44 32 44 44 44 32 44 44 44 32
32 44 44 44 44 32 44 44 44 44 44 44 44 44 32 44 44 44 44 32 44 44 44 44 44 44 44 44 44 44 44 44 32 44 44 44 32 44 44 44 44 32 44 44 44 32 44 44 44 32
32 44 44 44 44 32 44 44 44 44 44 44 44 44 32 44 44 44 44 32 44 44 44 44 44 44 44 44 44 44 44 44 32 44 44 44 32 44 44 44 44 32 44 44 44 32 44 44 44 32
32 44 44 44 44 32 44 44 44 44 44 44 44 44 32 44 44 44 44 32 44 44 44 44 44 44 44 44 44 44 44 44 32 44 44 44 32 44 44 44 44 32 44 44 44 32 44 44 44 32
32 44 44 44 44 32 44 44 44 44 44 44 44 44 32 44 44 44 44 32 44 44 44 44 44 44 44 44 44 44 44 44 32 44 44 44 32 44 44 44 44 32 44 44 44 44 44 44 44 32
32 44 44 44 44 32 44 44 44 44 44 44 44 44 32 44 44 44 44 32 44 44 44 44 44 44 44 44 44 44 44 44 32 44 44 44 32 44 44 44 44 44 44 44 44 44 44 44 44 32
32 44 44 44 44 32 44 44 44 44 44 44 44 44 32 44 44 44 44 32 44 44 44 44 44 44 44 44 44 44 44 44 32 44 44 44 32 44 44 44 44 44 44 44 44 44 44 44 44 32
32 44 44 44 44 32 44 44 44 44 44 44 44 44 32 44 44 44 44 32 44 44 44 44 44 44 44 44 44 44 44 44 32 32 32 32 32 44 44 44 44 44 44 44 44 44 44 44 44 32
32 44 44 44 44 32 32 32 32 32 32 32 32 32 32 44 44 44 44 32 32 32 32 32 44 44 44 44 32 32 32 32 32 44 44 44 32 32 32 32 32 32 32 32 32 44 44 44 32 32
32 44 44 44 44 44 44 44 44 44 44 44 44 44 44 44 44 44 44 44 44 44 44 44 44 44 44 44 44 44 44 44 32 44 44 44 44 44 44 44 44 44 44 44 44 44 44 44 44 32
32 44 44 44 44 44 44 44 44 44 44 44 44 44 44 44 44 44 44 44 44 44 44 44 44 44 44 44 44 44 44 44 44 44 44 44 44 44 44 44 44 44 44 44 44 44 44 44 44 32
32 44 44 44 44 44 44 44 44 44 44 44 44 44 44 44 44 44 44 44 44 44 44 44 44 44 44 44 44 44 44 44 44 44 44 44 44 44 44 44 44 44 44 44 44 44 44 44 44 32
32 44 44 44 44 44 44 44 44 44 44 44 44 44 44 44 44 44 44 44 44 44 44 44 44 44 44 44 44 44 44 44 32 44 44 44 44 44 44 44 44 44 44 44 44 44 44 44 44 32
32 44 44 44 44 32 32 32 32 32 32 32 32 32 32 32 32 32 44 44 44 32 32 32 32 32 32 32 32 32 32 32 32 32 32 32 32 32 32 32 32 32 32 32 32 44 44 44 44 32
32 44 44 44 44 32 44 44 44 44 44 44 44 44 32 44 44 44 44 44 44 44 44 32 0 0 0 0 32 44 44 44 44 44 44 44 44 44 44 32 44 44 44 44 32 44 44 44 44 32
32 44 44 44 44 32 44 44 44 44 44 44 44 44 32 44 44 44 44 44 44 44 44 32 0 0 0 0 32 44 44 44 44 44 44 44 44 44 44 32 44 44 44 44 32 44 44 44 44 32
32 44 44 44 44 32 44 44 44 44 44 44 44 44 32 44 44 44 44 44 44 44 44 32 0 0 0 0 32 44 44 44 44 44 44 44 44 44 44 44 44 44 44 44 32 44 44 44 44 32
32 44 44 44 44 32 44 44 44 44 44 44 44 44 32 44 44 44 44 44 44 44 44 32 0 0 0 0 32 44 44 44 44 44 44 44 44 44 44 44 44 44 44 44 32 44 44 44 44 32
32 44 44 44 44 32 44 44 44 44 44 44 44 44 32 44 44 44 44 44 44 44 44 32 0 0 0 0 32 44 44 44 44 44 44 44 44 44 44 44 44 44 44 44 32 44 44 44 44 32
32 44 44 44 44 44 44 44 44 44 44 44 44 44 32 44 44 44 44 44 44 44 44 32 0 0 0 0 32 44 44 44 44 44 44 44 44 44 44 44 44 44 44 44 32 44 44 44 44 32
32 44 44 44 44 44 44 44 44 44 44 44 44 44 32 44 44 44 44 44 44 44 44 32 0 0 0 0 32 44 44 44 44 44 44 44 44 44 44 32 44 44 44 44 32 44 44 44 44 32
32 44 44 44 44 44 44 44 44 44 44 44 44 44 32 44 44 44 44 44 44 44 44 32 0 0 0 0 32 44 44 44 44 44 44 44 44 44 44 32 44 44 44 44 32 44 44 44 44 32
32 44 44 44 44 44 44 44 44 44 44 44 44 44 32 44 44 44 44 44 44 44 44 32 0 0 0 0 32 32 32 32 44 44 44 44 32 32 32 32 44 44 44 44 32 32 32 32 32 32
32 44 44 44 44 32 44 44 44 44 44 44 44 44 32 44 44 44 44 44 44 44 44 32 0 0 0 0 0 0 0 32 44 44 44 44 32 44 44 44 44 44 44 44 44 44 44 44 44 32
32 44 44 44 44 32 44 44 44 44 44 44 44 44 32 44 44 44 44 44 44 44 44 32 0 0 0 0 0 0 0 32 44 44 44 44 32 44 44 44 44 44 44 44 44 44 44 44 44 32
32 44 44 44 44 32 44 44 44 44 44 44 44 44 32 44 44 44 44 44 44 44 44 32 0 0 0 0 0 0 0 32 44 44 44 44 32 44 44 44 44 44 44 44 44 44 44 44 44 32
32 44 44 44 44 32 44 44 44 44 44 44 44 44 32 44 44 44 44 44 44 44 44 32 0 0 0 0 0 0 0 32 44 44 44 44 32 44 44 44 44 44 44 58 44 44 44 44 44 32
32 44 44 44 44 32 32 32 32 32 32 32 32 32 32 32 32 32 32 32 32 32 32 32 32 32 32 32 32 32 32 32 44 44 44 44 32 44 44 44 44 44 44 44 44 44 44 44 44 32
32 44 44 44 44 44 44 44 44 44 44 44 44 44 44 44 44 44 44 44 44 44 44 44 44 44 44 44 44 44 44 44 44 44 44 44 32 44 44 44 44 44 44 44 44 44 44 44 44 32
32 44 44 44 44 44 44 44 44 44 44 44 44 44 44 44 44 44 44 44 44 44 44 44 44 44 44 44 44 44 44 44 44 44 44 44 32 44 44 44 44 44 44 44 44 44 44 44 44 32
32 44 44 44 44 44 44 44 44 44 44 44 44 44 44 44 44 44 44 44 44 44 44 44 44 44 44 44 44 44 44 44 44 44 44 44 32 44 44 44 44 44 44 44 44 44 44 44 44 32
32 32 32 32 32 32 32 32 32 32 32 32 32 32 32 32 32 32 32 32 32 32 32 32 32 32 32 32 32 32 32 32 32 32 32 32 32 32 32 32 32 32 32 32 32 32 32 32 32 32
