18 18 18 18 18 18 18 18 18 18 18 18 18 18 18 18 18 18 18 18 18 18 18 18 18 18 18 18 18 18 18 18 18 18 18 18 18 18 18 18 18 18 18 18 18 18 18 18 18 18 
18 18 18 18 18 18 18 18 18 18 18 18 18 18 18 18 18 18 18 18 18 18 18 18 18 18 18 18 18 18 18 18 18 18 18 18 18 18 18 18 18 18 18 18 18 18 18 18 18 18 
18 18 18 18 18 18 18 18 18 18 18 18 18 18 18 18 18 18 18 18 18 18 18 18 18 18 18 18 18 18 18 18 18 18 18 18 18 18 18 18 18 18 18 18 18 18 18 18 18 18 
18 18 18 18 18 18 18 18 18 18 18 18 18 18 18 18 18 18 18 18 18 18 18 18 18 18 18 18 18 18 18 18 18 18 18 18 18 18 18 18 18 18 18 18 18 18 18 18 18 18 
18 18 18 18 18 18 18 18 18 18 18 18 18 18 18 18 43 43 43 43 43 43 43 43 43 43 43 43 43 43 43 43 43 18 18 18 18 18 18 18 18 18 18 18 18 18 18 18 18 18 
18 18 18 18 18 18 18 18 18 18 18 18 18 18 18 18 43 43 43 43 43 43 43 43 43 43 43 43 43 43 43 43 43 43 18 18 18 18 18 18 18 18 18 18 18 18 18 18 18 18 
18 18 18 18 18 18 18 18 18 18 18 18 18 18 18 18 43 43 43 43 43 43 43 43 43 43 43 43 151 162 43 43 43 43 18 43 18 18 18 18 18 18 18 18 18 18 18 18 18 18 
18 18 18 28 26 26 26 26 26 26 26 26 29 18 18 18 43 43 43 43 43 43 43 43 43 43 130 140 150 161 172 182 43 43 43 43 43 18 18 18 18 18 18 18 18 18 18 18 18 18 
18 18 18 24 43 43 43 43 43 43 43 43 23 18 18 18 43 43 43 43 43 43 43 43 111 120 129 139 149 160 171 181 191 43 43 43 43 43 43 18 18 18 18 18 18 18 18 18 18 18 
18 18 18 24 43 43 43 43 43 43 43 43 23 18 18 18 43 43 43 43 43 43 43 102 110 119 128 138 148 159 170 180 190 199 207 43 43 43 43 43 18 18 18 18 18 18 18 18 18 18 
18 18 18 24 43 43 43 43 43 43 43 43 23 18 18 18 43 43 43 43 43 87 94 101 109 118 127 137 147 158 169 179 189 198 206 214 43 43 43 43 43 43 43 18 18 18 18 18 18 18 
18 18 18 24 43 43 43 43 43 43 43 43 23 18 18 18 43 43 43 43 80 86 93 100 108 117 126 136 146 157 168 178 188 197 205 213 220 226 43 43 43 43 43 43 18 18 18 18 18 18 
18 18 28 27 43 43 43 43 43 43 43 43 23 18 18 18 43 43 43 76 79 84 92 99 107 116 125 135 145 156 167 177 187 196 204 212 219 225 231 43 43 43 43 43 18 18 18 18 18 18 
18 18 24 43 43 43 43 43 20 21 21 21 31 18 18 18 43 43 43 75 79 84 91 98 106 115 124 134 144 155 166 176 186 195 202 211 218 224 230 43 43 43 43 18 18 18 18 18 18 18 
18 18 24 43 43 43 43 43 23 18 18 18 18 18 18 18 43 43 43 75 79 83 90 97 105 114 123 133 143 154 165 175 185 194 202 210 217 223 229 43 43 43 43 18 18 18 18 18 18 18 
18 18 24 43 43 43 43 43 23 18 18 18 18 18 18 18 43 43 43 75 78 82 89 96 104 113 122 132 142 153 164 174 184 193 201 209 216 222 228 43 43 43 43 18 18 18 18 18 18 18 
18 18 24 43 43 43 43 43 23 28 26 26 26 26 26 26 43 43 43 74 77 81 88 103 145 112 121 131 141 152 163 173 183 192 200 208 215 221 227 43 43 43 43 18 18 18 18 18 18 18 
18 18 24 43 43 43 43 43 23 24 43 43 43 43 43 43 43 43 43 43 43 43 43 43 43 43 43 43 43 43 43 43 43 43 43 43 43 43 43 43 43 43 43 18 19 18 18 18 18 18 
18 18 24 43 43 43 43 43 23 24 43 43 43 43 43 43 43 43 43 43 43 43 43 43 43 43 43 43 43 43 43 43 43 43 43 43 43 43 43 43 43 43 43 18 18 18 18 18 18 18 
18 18 24 43 43 43 43 43 23 24 43 43 43 43 43 43 43 43 43 32 34 34 34 34 34 34 34 32 43 43 43 43 43 43 43 43 43 43 43 43 43 18 43 18 18 19 18 18 18 18 
18 18 24 43 43 43 43 43 23 24 43 43 43 43 43 43 43 43 43 32 34 34 34 34 34 34 34 32 43 43 43 43 43 43 43 43 23 18 18 19 18 18 43 19 18 18 18 18 18 18 
18 18 24 43 43 43 43 43 25 27 43 43 43 43 43 43 43 43 43 32 34 34 34 34 34 34 34 32 43 43 43 43 43 43 43 43 23 18 18 18 18 18 18 18 18 18 18 18 18 18 
18 18 24 43 43 43 43 43 43 43 43 43 43 43 43 43 43 43 43 32 34 34 34 34 34 34 34 32 43 43 43 43 43 43 43 43 23 18 18 19 18 18 18 18 18 18 18 18 18 18 
18 18 24 43 43 43 43 43 43 43 43 43 43 43 43 43 43 43 43 32 34 34 34 34 34 34 34 32 43 60 43 43 43 43 43 43 23 18 18 18 18 18 18 19 18 18 18 18 18 18 
18 18 24 43 43 43 43 43 43 43 43 43 43 43 43 43 43 43 43 32 43 32 32 32 32 32 32 32 43 58 43 43 43 43 43 43 23 18 18 18 18 18 18 18 18 18 18 18 18 18 
18 18 24 43 43 43 43 43 43 43 43 43 43 43 43 43 43 43 43 43 43 43 43 43 43 43 43 43 43 43 43 43 43 43 43 43 23 18 19 18 18 19 18 18 18 18 18 18 18 18 
18 18 30 21 21 21 21 21 21 22 43 43 43 43 43 43 43 43 43 43 43 43 43 43 43 43 43 43 43 43 43 43 43 43 43 43 25 26 26 26 26 26 26 26 26 26 29 18 18 18 
18 18 18 18 18 18 18 18 18 24 43 43 43 43 43 43 43 43 43 43 43 43 43 43 43 43 43 43 43 43 43 43 43 43 43 43 43 43 43 43 43 43 43 43 43 43 23 18 18 18 
18 18 18 18 18 18 18 18 18 30 21 21 21 21 21 21 21 22 43 43 43 43 43 43 43 43 43 43 43 43 43 43 43 43 43 43 43 43 43 43 43 43 43 43 43 43 23 18 18 18 
18 18 18 18 18 18 18 18 18 18 18 18 18 18 18 18 18 24 43 43 43 43 43 43 43 43 43 43 43 43 43 43 43 43 43 43 43 43 43 43 43 43 43 43 43 43 23 18 18 18 
18 18 18 18 18 18 18 18 18 18 18 18 18 28 26 29 18 24 43 43 43 43 43 43 43 43 43 43 43 43 43 43 43 43 43 43 43 43 43 43 43 43 43 43 43 43 23 18 18 18 
18 18 18 18 18 18 18 18 18 18 18 18 18 24 19 23 18 24 43 43 43 43 43 43 43 43 43 43 43 43 43 43 43 43 43 43 43 43 43 43 43 43 43 43 43 43 23 18 18 18 
18 18 18 18 18 18 18 18 18 18 18 18 18 30 21 31 18 24 43 43 43 43 43 43 43 43 43 43 43 43 43 43 43 43 43 43 43 43 43 43 43 43 43 43 43 43 23 18 18 18 
18 18 18 18 18 18 18 18 18 18 18 18 18 18 18 18 18 24 43 43 43 43 43 43 43 43 43 43 43 43 43 43 43 43 43 43 43 43 43 43 43 43 43 43 43 43 23 18 18 18 
18 18 18 18 18 18 18 18 18 18 18 18 18 18 18 18 18 24 43 43 43 43 43 43 43 43 43 43 43 43 43 43 43 43 43 43 43 43 43 43 43 43 43 20 21 21 31 18 18 18 
18 18 18 18 18 18 18 18 18 18 18 18 18 18 18 18 18 24 43 43 43 43 43 43 43 20 21 21 22 43 43 43 43 43 43 43 20 21 21 22 43 43 43 23 18 18 18 18 18 18 
18 18 18 18 18 18 18 18 18 18 18 18 18 18 18 18 18 24 43 43 43 43 43 43 43 25 26 26 27 43 43 43 43 43 20 21 31 18 18 24 43 43 43 23 18 18 18 18 18 18 
18 18 18 18 18 18 18 18 18 18 18 18 18 18 18 18 18 24 43 43 43 43 43 43 43 43 43 43 43 43 43 43 43 43 23 18 18 18 18 24 43 43 43 23 18 18 18 18 18 18 
18 18 18 18 18 18 18 18 18 18 18 18 18 18 18 18 18 24 43 43 43 43 43 43 43 43 43 43 43 43 43 43 43 43 23 18 18 18 18 24 43 43 43 23 18 34 34 34 18 18 
18 18 18 18 18 18 18 18 18 18 18 18 18 18 18 18 18 24 43 43 43 43 43 43 43 43 43 43 43 43 43 43 43 43 23 18 18 18 18 24 43 43 43 23 34 34 34 34 18 18 
18 18 18 18 18 18 18 18 18 18 18 18 18 18 18 18 18 24 43 43 43 43 43 43 43 43 43 43 43 43 43 43 43 43 23 18 18 18 18 24 43 43 43 38 34 34 34 34 18 18 
18 18 18 18 18 18 18 18 18 18 18 18 18 18 18 18 18 24 43 43 43 43 43 43 43 43 43 43 43 43 43 43 43 43 23 18 18 18 18 24 43 43 43 42 34 34 34 34 18 18 
18 18 18 18 18 18 18 18 18 18 18 18 18 18 18 18 18 24 43 43 20 21 22 43 43 43 43 43 43 43 43 43 43 43 23 18 18 18 18 30 21 21 21 31 41 34 34 34 18 18 
18 18 18 18 18 18 18 18 18 18 18 18 18 18 18 18 18 24 43 43 23 18 24 43 43 43 43 43 43 43 43 43 43 43 23 18 18 18 18 18 18 18 18 18 18 41 41 41 18 18 
18 18 18 18 18 18 18 18 18 18 18 18 18 18 18 18 18 30 22 43 23 18 24 43 43 43 43 43 43 43 43 43 43 43 23 18 18 18 18 18 18 18 18 18 18 18 18 18 18 18 
18 18 18 18 18 18 18 18 18 18 18 18 18 18 18 18 18 18 30 21 31 18 30 21 21 21 21 21 21 21 21 21 21 21 31 18 18 18 18 18 18 18 18 18 18 18 18 18 18 18 
18 18 18 18 18 18 18 18 18 18 18 18 18 18 18 18 18 18 18 18 18 18 18 18 18 18 18 18 18 18 18 18 18 18 18 18 18 18 18 18 18 18 18 18 18 18 18 18 18 18 
18 18 18 18 18 18 18 18 18 18 18 18 18 18 18 18 18 18 18 18 18 18 18 18 18 18 18 18 18 18 18 18 18 18 18 18 18 18 18 18 18 18 18 18 18 18 18 18 18 18 
18 18 18 18 18 18 18 18 18 18 18 18 18 18 18 18 18 18 18 18 18 18 18 18 18 18 18 18 18 18 18 18 18 18 18 18 18 18 18 18 18 18 18 18 18 18 18 18 18 18 
18 18 18 18 18 18 18 18 18 18 18 18 18 18 18 18 18 18 18 18 18 18 18 18 18 18 18 18 18 18 18 18 18 18 18 18 18 18 18 18 18 18 18 18 18 18 18 18 18 18 
