18 18 18 18 18 18 18 18 18 19 18 18 18 18 18 18 18 18 18 18 18 18 18 18 18 18 18 18 18 18 18 18 19 18 18 18 18 18 18 18 18 18 18 18 18 18 18 19 18 18 
18 18 18 18 18 18 18 18 18 18 18 18 18 18 18 18 19 18 18 18 18 18 18 19 18 18 18 18 18 18 18 18 18 18 18 18 18 19 18 18 18 19 18 18 18 18 18 18 18 18 
18 18 19 18 18 18 18 18 18 18 18 18 19 18 18 18 18 18 18 19 18 18 18 18 18 18 18 18 18 18 19 18 18 18 19 18 18 18 18 18 18 18 18 18 19 18 18 18 18 18 
18 18 18 18 18 18 18 19 18 18 18 18 18 18 18 18 18 18 18 18 18 18 18 18 18 19 18 18 18 18 18 18 18 18 18 18 18 18 18 18 18 18 18 18 18 18 18 18 18 18 
18 18 18 18 62 69 69 69 69 69 69 69 69 69 69 69 69 69 69 69 69 69 69 69 69 69 69 69 69 69 69 69 69 69 69 69 69 69 69 69 69 69 69 69 69 63 18 18 18 18 
18 18 18 18 68 43 43 43 43 43 43 43 43 43 43 43 43 43 43 43 43 43 43 43 43 43 43 43 43 43 43 43 43 43 43 43 43 43 43 43 43 43 43 43 43 67 18 18 18 18 
18 19 18 18 68 43 43 43 43 43 43 43 43 43 43 43 43 43 43 43 43 43 43 43 43 43 43 43 43 43 43 43 43 43 43 43 43 43 43 43 43 43 43 43 43 67 18 18 18 18 
18 18 18 18 68 43 43 43 43 43 43 43 43 43 43 43 43 43 43 43 43 43 43 43 43 43 43 43 43 43 43 43 43 43 43 43 43 43 43 43 43 43 43 43 43 67 18 18 18 18 
18 18 18 18 68 43 43 43 43 43 43 43 43 43 43 43 43 43 43 43 43 43 43 43 43 43 43 43 43 43 43 43 43 43 43 43 43 43 43 43 43 43 43 43 43 67 18 18 18 18 
18 18 18 18 68 43 43 43 43 43 43 43 43 43 43 43 43 43 43 43 43 43 43 43 43 43 43 43 43 43 43 43 43 43 43 43 43 43 43 43 43 43 43 43 43 67 18 18 18 18 
18 18 18 18 68 43 43 43 43 43 43 43 43 43 43 43 43 43 43 43 43 43 43 43 43 43 43 43 43 43 43 43 43 43 43 43 43 43 43 43 43 43 43 43 43 67 18 18 19 18 
18 18 18 18 68 43 43 43 43 43 43 43 43 43 43 43 43 43 43 43 43 43 43 43 43 43 43 43 43 43 43 43 43 43 43 43 43 43 43 43 43 43 43 43 43 67 18 18 18 18 
18 18 18 18 68 43 43 43 43 43 43 43 43 43 43 43 43 43 43 43 43 43 43 43 43 43 43 43 43 43 43 43 43 43 43 43 43 43 43 43 43 43 43 43 43 67 18 18 18 18 
19 18 18 18 68 43 43 43 43 43 43 43 43 43 43 43 43 43 43 43 43 43 43 43 43 43 43 43 43 43 43 43 43 43 43 43 43 43 43 43 43 43 43 43 43 67 18 18 18 18 
18 18 18 18 68 43 43 43 43 43 43 43 43 43 43 43 43 43 43 43 43 43 43 43 43 43 43 43 43 43 43 43 43 43 43 43 43 43 43 43 43 43 43 43 43 67 19 18 18 18 
18 18 18 18 68 43 43 43 43 43 43 43 43 43 43 43 43 43 43 43 43 43 43 43 43 43 43 43 43 43 43 43 43 43 43 43 43 43 43 43 43 43 43 43 43 67 18 18 18 18 
18 18 18 18 68 43 43 43 43 43 43 43 43 43 43 43 43 43 43 43 43 43 43 43 43 43 43 43 43 43 43 43 43 43 43 43 43 43 43 43 43 43 43 43 43 67 18 18 18 18 
18 18 19 18 68 43 43 43 43 43 43 43 43 43 43 43 43 43 43 43 43 43 43 43 43 43 43 43 43 43 43 43 43 43 43 43 43 43 43 43 43 43 43 43 43 67 18 18 18 18 
18 18 18 18 68 43 43 43 43 43 43 43 43 43 43 43 43 43 43 43 43 43 43 43 43 43 43 43 43 43 43 43 43 43 43 43 43 43 43 43 43 43 43 43 43 67 18 18 18 19 
18 18 18 18 68 43 43 43 43 43 43 43 43 43 43 43 43 43 43 43 43 43 43 43 43 43 43 43 43 43 43 43 43 43 43 43 43 43 43 43 43 43 43 43 43 67 18 18 18 18 
18 18 18 18 68 43 43 43 43 43 43 43 43 43 43 43 43 43 43 43 43 43 43 43 43 43 43 43 43 43 43 43 43 43 43 43 43 43 43 43 43 43 43 43 43 67 18 19 18 18 
18 18 18 18 68 43 43 43 43 43 43 43 43 43 43 43 43 43 43 43 43 43 43 43 43 43 43 43 43 43 43 43 43 43 43 43 43 43 43 43 43 43 43 43 43 67 18 18 18 18 
18 18 18 18 68 43 43 43 43 43 43 43 43 43 43 43 43 43 43 43 43 43 43 43 43 43 43 43 43 43 43 43 43 43 43 43 43 43 43 43 43 43 43 43 43 67 18 18 18 18 
19 18 18 18 68 43 43 43 43 43 43 43 43 43 43 43 43 43 43 43 43 43 43 43 43 43 43 43 43 43 43 43 43 43 43 43 43 43 43 43 43 43 43 43 43 67 18 18 18 18 
18 18 18 18 68 43 43 43 43 43 43 43 43 43 43 43 43 43 43 43 43 43 43 43 43 43 43 43 43 43 43 43 43 43 43 43 43 43 43 43 43 43 43 43 43 67 18 18 18 18 
18 18 18 18 68 43 43 43 43 43 43 43 43 43 43 43 43 43 43 43 43 43 43 43 43 43 43 43 43 43 43 43 43 43 43 43 43 43 43 43 43 43 43 43 43 67 19 18 18 18 
18 18 18 18 68 43 43 43 43 43 43 43 43 43 43 43 43 43 43 43 43 43 43 43 43 43 43 43 43 43 43 43 43 43 43 43 43 43 43 43 43 43 43 43 43 67 18 18 18 18 
18 18 18 18 68 43 43 43 43 43 43 43 43 43 43 43 43 43 43 43 43 43 43 43 43 43 43 43 43 43 43 43 43 43 43 43 43 43 43 43 43 43 43 43 43 67 18 18 18 18 
18 18 18 18 68 43 43 43 43 43 43 43 43 43 43 43 43 43 43 43 43 43 43 43 43 43 43 43 43 43 43 43 43 43 43 43 43 43 43 43 43 43 43 43 43 67 18 18 19 18 
18 18 18 18 68 43 43 43 43 43 43 43 43 43 43 43 43 43 43 43 43 43 43 43 43 43 43 43 43 43 43 43 43 43 43 43 43 43 43 43 43 43 43 43 43 67 18 18 18 18 
18 19 18 18 68 43 43 43 43 43 43 43 43 43 43 43 43 43 43 43 43 43 43 43 43 43 43 43 43 43 43 43 43 43 43 43 43 43 43 43 43 43 43 43 43 67 18 18 18 18 
18 18 18 18 68 43 43 43 43 43 43 43 43 43 43 43 43 43 43 43 43 43 43 43 43 43 43 43 43 43 43 43 43 43 43 43 43 43 43 43 43 43 43 43 43 67 18 18 18 18 
18 18 18 18 68 43 43 43 43 43 43 43 43 43 43 43 43 43 43 43 43 43 43 43 43 43 43 43 43 43 43 43 43 43 43 43 43 43 43 43 43 43 43 43 43 67 18 18 18 18 
18 18 18 18 68 43 43 43 43 43 43 43 43 43 43 43 43 43 43 43 43 43 43 43 43 43 43 43 43 43 43 43 43 43 43 43 43 43 43 43 43 43 43 43 43 67 18 19 18 18 
18 18 18 18 68 43 43 43 43 43 43 43 43 43 43 43 43 43 43 43 43 43 43 43 43 43 43 43 43 43 43 43 43 43 43 43 43 43 43 43 43 43 43 43 43 67 18 18 18 18 
18 18 19 18 68 43 43 43 43 43 43 43 43 43 43 43 43 43 43 43 43 43 43 43 43 43 43 43 43 43 43 43 43 43 43 43 43 43 43 43 43 43 43 43 43 67 18 18 18 18 
18 18 18 18 68 43 43 43 43 43 43 43 43 43 43 43 43 43 43 43 43 43 43 43 43 43 43 43 43 43 43 43 43 43 43 43 43 43 43 43 43 43 43 43 43 67 18 18 18 18 
18 18 18 18 68 43 43 43 43 43 43 43 43 43 43 43 43 43 43 43 43 43 43 43 43 43 43 43 43 43 43 43 43 43 43 43 43 43 43 43 43 43 43 43 43 67 18 18 19 18 
18 18 18 18 68 43 43 43 43 43 43 43 43 43 43 70 66 66 66 66 66 66 34 34 34 34 34 34 66 66 66 66 66 66 71 43 43 43 43 43 43 43 43 43 43 67 18 18 18 18 
19 18 18 18 68 43 43 43 43 43 43 43 43 43 70 64 18 18 18 18 18 18 34 34 34 34 34 34 18 18 18 18 18 18 65 71 43 43 43 43 43 43 43 43 43 67 18 19 18 18 
18 18 18 18 68 43 43 43 43 43 43 43 43 70 64 18 18 18 18 18 18 18 34 34 34 34 34 34 18 18 18 18 18 18 18 65 71 43 43 43 43 43 43 43 43 67 18 18 18 18 
18 18 18 18 68 43 43 43 43 43 43 43 70 64 18 18 18 18 18 18 18 18 34 34 34 34 34 34 18 18 18 18 18 18 18 18 65 71 43 43 43 43 43 43 43 67 18 18 18 18 
18 18 18 18 68 43 43 43 43 43 43 43 67 18 18 18 18 19 18 18 18 18 34 34 34 34 34 34 18 18 18 18 18 18 18 19 18 68 43 43 43 43 43 43 43 67 18 18 18 18 
18 18 18 18 68 43 43 43 43 43 43 43 67 18 19 18 18 18 18 18 19 18 41 18 18 18 18 41 19 18 18 18 18 18 18 18 18 68 43 43 43 43 43 43 43 67 18 19 18 18 
18 18 18 18 68 43 43 43 43 43 43 43 67 18 18 18 18 18 18 18 18 18 18 18 18 18 18 18 18 18 18 18 19 18 18 18 18 68 43 43 43 43 43 43 43 67 18 18 18 18 
18 18 18 18 65 66 66 66 66 66 66 66 64 18 18 18 18 18 18 18 18 18 18 18 18 19 18 18 18 18 19 18 18 18 18 18 18 65 66 66 66 66 66 66 66 64 18 18 18 18 
18 19 18 18 18 18 18 18 18 18 18 18 18 19 18 18 18 19 18 18 18 18 18 18 18 18 18 19 18 18 18 18 19 18 18 18 18 18 18 19 18 19 18 18 18 19 18 18 19 18 
18 18 18 18 19 18 18 18 18 19 18 18 18 18 18 18 18 18 18 18 18 19 18 18 18 18 18 18 18 18 18 18 18 18 18 19 19 18 18 18 18 18 18 19 18 18 18 18 18 18 
18 19 18 18 18 18 18 18 18 18 18 18 18 19 18 18 18 18 18 18 18 18 18 18 18 18 18 18 18 18 19 18 18 19 18 18 19 18 18 18 19 18 18 18 18 18 19 18 18 19 
18 18 18 18 18 19 18 18 18 18 18 18 18 18 18 18 18 18 18 18 18 18 18 18 18 19 18 18 18 18 18 18 18 18 18 18 18 18 18 18 18 18 18 19 18 18 18 18 18 18 
