18 18 18 18 18 18 18 18 18 19 18 18 18 18 18 18 18 18 18 18 18 18 18 18 18 18 18 18 18 18 18 18 19 18 18 18 18 18 18 18 18 18 18 18 18 18 18 19 18 18
18 18 18 18 18 18 18 18 18 18 18 18 18 18 18 18 19 18 18 18 18 18 18 19 18 18 18 18 18 18 18 18 18 18 18 18 18 19 18 18 18 19 18 18 18 18 18 18 18 18
18 18 19 18 18 18 18 18 18 18 18 18 19 18 18 18 18 18 18 19 18 18 18 18 18 18 18 18 18 18 19 18 18 18 19 18 18 18 18 18 18 18 18 18 19 18 18 18 18 18
18 18 18 18 18 18 18 19 18 18 18 18 18 18 18 18 18 18 18 18 18 18 18 18 18 19 18 18 18 18 18 18 18 18 18 18 18 18 18 18 18 18 18 18 18 18 18 18 18 18
18 18 18 18 18 18 18 18 18 18 18 18 18 18 18 18 18 18 18 18 18 18 18 18 18 18 18 18 18 18 18 18 18 18 18 18 18 18 18 18 18 18 18 18 18 18 18 18 18 18
18 19 19 19 19 19 18 19 19 19 19 18 18 18 18 18 18 18 18 18 18 18 18 18 18 18 18 18 18 18 18 18 18 18 18 18 18 18 18 18 19 19 19 18 19 18 19 18 19 19
18 19 18 19 19 19 19 19 18 62 69 69 69 69 69 69 69 69 69 69 69 69 69 69 69 69 69 69 69 69 69 69 69 69 69 69 69 69 69 69 63 18 19 18 19 18 18 18 18 18
18 18 18 18 18 18 18 18 62 72 248 248 248 248 248 248 248 248 248 248 248 248 248 248 248 248 248 248 248 248 248 248 248 248 248 248 248 248 43 43 73 63 18 18 18 18 18 18 18 18
18 18 18 18 18 18 18 62 72 248 43 43 43 33 248 43 43 43 43 248 43 43 248 43 248 43 43 43 43 43 43 43 43 43 43 43 43 248 43 43 43 73 63 18 18 18 18 18 18 18
18 18 18 18 18 18 62 72 43 248 43 43 43 43 248 43 43 43 43 248 43 43 248 43 248 43 43 248 248 248 248 248 248 248 248 43 43 248 248 248 248 248 73 63 18 18 18 18 18 18
18 18 18 18 18 62 72 43 43 248 43 43 43 43 248 43 43 248 248 248 43 43 248 43 248 43 43 248 43 43 43 43 43 43 248 43 43 43 43 43 43 43 43 73 63 18 18 18 19 18
18 18 18 18 62 72 248 248 248 248 43 43 248 248 248 43 43 248 43 43 43 43 248 43 111 43 43 248 248 248 248 248 248 43 248 248 43 43 43 43 43 43 43 43 73 63 18 18 18 18
18 18 18 18 68 248 43 43 43 43 43 43 248 43 43 43 248 248 43 43 43 43 248 43 111 43 43 43 43 43 43 43 248 43 43 248 248 248 248 248 248 248 43 43 43 67 18 18 18 18
19 18 18 18 24 248 43 43 248 248 248 248 248 43 43 43 248 43 43 248 248 248 248 43 111 248 248 248 248 248 43 43 248 43 43 43 43 43 43 43 43 248 43 43 33 67 18 18 18 18
18 18 18 18 68 248 43 43 248 43 43 43 43 43 43 43 248 43 43 248 43 43 43 43 43 43 43 43 43 248 43 43 248 248 248 248 248 248 248 248 248 248 248 248 248 67 19 18 18 18
18 18 18 18 68 248 43 43 248 43 43 43 248 248 248 248 248 43 43 248 43 43 248 248 248 248 248 248 248 248 43 43 43 43 43 43 43 43 43 43 43 43 43 43 248 67 18 18 18 18
18 18 18 18 68 248 43 43 248 43 43 43 43 43 43 43 43 43 43 248 43 43 248 43 43 43 43 43 43 43 43 43 248 248 248 248 248 248 248 248 248 248 248 248 248 67 18 18 18 18
18 18 19 18 68 248 43 43 248 43 43 248 248 248 248 248 248 248 248 248 43 43 248 43 43 43 248 248 248 248 248 248 248 43 43 43 43 43 43 43 43 43 43 43 43 67 18 18 18 18
18 18 18 18 68 248 43 43 248 43 43 248 43 43 43 43 43 43 43 43 43 43 248 43 43 43 43 43 43 43 43 43 43 43 43 43 248 248 248 248 248 248 248 248 43 67 18 18 18 19
18 18 18 18 68 248 43 43 248 43 43 248 43 43 43 43 248 248 248 248 248 248 248 43 43 43 248 248 248 248 248 248 248 248 43 43 248 43 43 43 43 43 43 43 43 67 18 18 18 18
18 18 18 18 68 248 43 43 248 43 43 248 43 43 43 43 248 36 43 43 43 43 43 43 43 43 43 43 43 43 43 43 36 248 43 43 248 43 43 43 43 43 43 43 43 67 18 19 18 18
18 18 18 18 68 248 43 43 248 43 43 248 248 248 248 248 248 43 247 43 247 43 247 43 247 43 247 43 247 43 247 43 43 248 248 248 248 43 248 248 248 248 248 248 248 67 18 18 18 18
18 18 18 18 68 248 43 43 43 43 43 43 43 43 43 43 43 43 43 247 43 247 43 247 43 247 43 247 43 247 43 247 43 43 43 43 43 43 248 43 43 43 43 43 43 67 18 18 18 18
19 18 18 18 68 248 43 43 43 43 43 43 43 43 43 43 43 43 247 43 247 43 247 43 247 43 247 43 247 43 247 43 43 43 43 43 43 43 43 43 43 43 43 43 43 67 18 18 18 18
18 18 18 18 68 248 248 248 248 248 248 248 248 248 248 248 248 43 43 247 43 247 43 247 43 247 43 247 43 247 43 247 43 248 248 248 248 248 43 43 43 43 43 43 43 67 18 18 18 18
18 18 18 18 68 43 43 43 43 43 43 43 43 43 43 43 248 36 248 248 43 43 43 43 43 43 43 43 43 43 43 43 36 248 43 43 43 43 43 43 43 43 43 43 43 67 19 18 18 18
18 18 18 18 68 248 248 248 248 248 248 248 248 248 248 248 248 248 248 248 248 248 248 248 248 248 43 43 248 248 248 248 248 248 248 248 248 248 248 248 248 248 248 248 248 67 18 18 18 18
18 18 18 18 68 244 43 43 43 43 43 43 43 43 244 244 245 244 245 245 244 244 244 245 245 244 43 43 244 43 43 43 244 43 43 43 244 43 43 43 244 43 43 43 244 67 18 18 18 18
18 18 18 18 68 245 236 237 255 250 254 236 237 43 43 43 15 70 66 71 16 43 244 43 244 244 43 43 245 43 245 43 244 43 245 43 245 43 244 43 245 43 244 43 245 67 18 18 19 18
18 18 18 18 68 244 238 239 251 249 252 238 239 43 43 43 43 73 69 72 16 244 245 43 43 244 43 43 245 43 244 43 244 43 244 43 244 43 245 43 244 43 245 43 245 67 18 18 18 18
18 19 18 18 68 245 43 43 43 43 43 43 43 43 43 43 43 245 244 244 245 245 43 43 43 245 43 43 244 43 245 43 43 43 244 43 244 43 244 43 244 43 244 43 244 67 18 18 18 18
18 18 18 18 68 43 43 43 43 43 43 43 43 43 2 245 245 43 43 43 43 43 43 43 43 244 43 43 244 43 245 43 244 43 245 43 244 43 244 43 244 43 244 43 244 67 18 18 18 18
18 18 18 18 68 43 43 43 43 43 43 43 245 244 244 43 43 43 43 43 43 43 43 43 43 245 43 43 245 43 244 43 245 43 244 43 245 43 43 43 244 43 245 43 244 67 18 18 18 18
18 18 18 18 68 43 43 43 43 43 2 245 244 2 43 43 43 43 43 43 43 43 43 43 43 245 43 43 43 43 244 43 43 43 244 43 43 43 245 43 244 43 43 43 245 67 18 19 18 18
18 18 18 18 68 43 43 43 43 245 2 43 43 43 43 43 43 43 43 43 43 43 43 43 43 244 244 244 244 244 245 244 244 244 245 244 244 244 244 43 244 43 245 43 244 67 18 18 18 18
18 18 19 18 68 43 43 43 43 244 2 43 43 245 244 244 245 245 244 244 244 245 43 43 245 244 43 43 43 43 43 43 43 43 43 43 43 43 244 43 245 43 244 43 244 67 18 18 18 18
18 18 18 18 68 43 43 43 2 244 43 43 244 244 43 43 43 43 43 43 43 43 43 43 43 43 43 43 43 43 43 43 43 43 43 43 43 43 244 43 43 43 244 43 245 67 18 18 18 18
18 18 18 18 68 43 43 43 43 244 2 244 245 43 43 15 244 245 244 245 245 244 43 43 43 43 43 43 244 245 43 43 245 244 15 43 43 43 244 43 43 43 244 43 245 67 18 18 19 18
18 18 18 18 68 43 43 43 2 244 245 245 43 43 2 70 66 66 66 66 66 66 34 34 34 34 34 34 66 66 66 66 66 66 71 15 43 43 245 244 43 43 244 43 244 67 18 18 18 18
19 18 18 18 68 43 43 43 43 244 244 43 43 15 70 64 18 18 18 18 18 18 34 34 34 34 34 34 18 18 18 18 18 18 65 71 2 43 43 245 244 43 245 43 244 67 18 19 18 18
18 18 18 18 68 43 43 43 43 244 245 43 2 70 64 18 18 18 18 18 18 18 34 34 34 34 34 34 18 18 18 18 18 18 18 65 71 15 43 43 244 43 43 43 244 67 18 18 18 18
18 18 18 18 68 43 43 43 43 43 43 43 70 64 18 18 18 18 18 18 18 18 34 34 34 34 34 34 18 18 18 18 18 18 18 18 65 71 43 43 245 43 43 43 245 67 18 18 18 18
18 18 18 18 68 43 43 43 43 43 43 43 67 18 18 18 18 19 18 18 18 18 34 34 34 34 34 34 18 18 18 18 18 18 18 19 18 68 43 43 43 43 43 43 244 67 18 18 18 18
18 18 18 18 68 43 43 43 43 43 43 43 67 18 19 18 18 18 18 18 19 18 41 18 18 18 18 41 19 18 18 18 18 18 18 18 18 68 245 43 43 43 43 43 244 67 18 19 18 18
18 18 18 18 68 43 43 43 43 43 43 2 67 18 18 18 18 18 18 18 18 18 18 18 18 18 18 18 18 18 18 18 19 18 18 18 18 68 244 245 15 244 244 15 245 67 18 18 18 18
18 18 18 18 65 66 66 66 66 66 66 66 64 18 18 18 18 18 18 18 18 18 18 18 18 19 18 18 18 18 19 18 18 18 18 18 18 65 66 66 66 66 66 66 66 64 18 18 18 18
18 19 18 18 18 18 18 18 18 18 18 18 18 19 18 18 18 19 18 18 18 18 18 18 18 18 18 19 18 18 18 18 19 18 18 18 18 18 18 19 18 19 18 18 18 19 18 18 19 18
18 18 18 18 19 18 18 18 18 19 18 18 18 18 18 18 18 18 18 18 18 19 18 18 18 18 18 18 18 18 18 18 18 18 18 19 19 18 18 18 18 18 18 19 18 18 18 18 18 18
18 19 18 18 18 18 18 18 18 18 18 18 18 19 18 18 18 18 18 18 18 18 18 18 18 18 18 18 18 18 19 18 18 19 18 18 19 18 18 18 19 18 18 18 18 18 19 18 18 19
18 18 18 18 18 19 18 18 18 18 18 18 18 18 18 18 18 18 18 18 18 18 18 18 18 19 18 18 18 18 18 18 18 18 18 18 18 18 18 18 18 18 18 19 18 18 18 18 18 18
