18 18 18 18 18 18 18 18 18 18 18 18 18 18 18 18 18 18 18 18 18 18 18 18 18 18 18 18 18 18 18 18 18 18 18 18 18 18 18 18 18 18 18 18 18 18 18 18 18 18 
18 18 18 18 18 18 18 18 18 18 18 18 18 18 18 18 18 18 18 18 18 18 18 18 18 18 18 18 18 18 18 18 18 18 18 18 18 18 18 18 18 18 18 18 18 18 18 18 18 18 
18 18 18 18 18 18 18 18 18 18 18 18 18 18 18 18 18 18 18 18 18 18 18 18 18 18 18 18 18 18 18 18 18 18 18 18 18 18 18 18 18 18 18 18 18 18 18 18 18 18 
18 18 18 18 18 18 18 18 18 18 18 18 18 18 18 18 18 18 18 18 18 18 18 18 18 18 18 18 18 18 18 18 18 18 18 18 18 18 18 18 18 18 18 18 18 18 18 18 18 18 
18 18 18 18 18 18 18 18 18 18 18 18 18 18 18 18 2 2 2 2 2 2 2 2 2 43 43 43 43 43 43 43 43 43 15 15 15 15 15 15 15 15 15 18 18 18 18 18 18 18 
18 18 18 18 18 18 18 18 18 18 18 18 18 18 18 18 2 55 55 55 55 55 55 55 2 43 43 43 43 43 43 43 43 43 55 55 55 55 55 55 55 55 15 18 18 18 18 18 18 18 
18 18 18 18 18 18 18 18 18 18 18 18 18 18 18 18 2 55 55 55 55 55 55 55 2 43 43 43 151 162 43 43 43 43 15 55 55 55 55 55 55 55 15 18 18 18 18 18 18 18 
18 18 18 62 69 69 69 69 69 69 69 69 63 18 18 18 2 55 55 55 55 55 55 55 43 43 130 140 150 161 172 182 43 43 15 55 55 55 55 55 55 55 15 18 18 18 18 18 18 18 
18 18 18 68 15 15 15 15 15 15 15 15 67 18 18 18 2 55 55 55 55 55 55 55 111 120 129 139 149 160 171 181 191 43 43 15 15 15 15 55 55 55 15 18 18 18 18 18 18 18 
18 18 18 68 15 53 55 55 55 55 53 15 67 18 18 18 2 55 55 55 55 55 55 102 110 119 128 138 148 159 170 180 190 199 182 43 43 43 15 55 55 55 15 18 18 18 18 18 18 18 
18 18 18 68 15 55 55 55 55 55 55 15 67 18 18 18 2 55 55 55 55 87 94 101 109 118 127 137 147 158 169 179 189 198 206 214 43 43 15 55 55 55 15 18 18 18 18 18 18 18 
18 18 18 68 15 53 55 55 55 55 53 15 67 18 18 18 2 55 55 43 80 86 93 100 108 117 126 136 146 157 168 178 188 197 205 213 220 226 15 55 55 55 15 18 18 18 18 18 18 18 
18 18 62 72 33 33 2 55 55 2 33 33 67 18 18 18 33 33 33 76 79 84 92 99 107 116 125 135 145 156 167 177 187 196 204 212 219 225 231 15 55 55 15 18 18 18 18 18 18 18 
18 18 68 43 43 43 43 43 70 66 66 66 64 18 18 18 15 15 15 75 79 84 91 98 106 115 124 134 144 155 166 176 186 195 202 211 218 224 230 15 55 55 15 18 18 18 18 18 18 18 
18 18 68 43 43 43 43 43 67 18 18 18 18 18 18 18 43 43 43 75 79 83 90 97 105 114 123 133 143 154 165 175 185 194 202 210 217 223 229 15 55 55 15 18 18 18 18 18 18 18 
18 18 68 43 43 43 43 43 67 18 18 18 18 18 18 18 43 43 43 75 78 82 89 96 104 113 122 132 142 153 164 174 184 193 201 209 216 222 228 15 55 55 15 18 18 18 18 18 18 18 
18 18 68 43 43 43 43 43 67 62 69 69 69 69 69 69 43 43 43 74 77 81 88 103 145 112 121 131 141 152 163 173 183 192 200 208 215 221 227 15 55 55 15 18 18 18 18 18 18 18 
18 18 68 43 43 43 43 43 67 68 15 55 55 55 55 55 55 55 43 43 43 43 43 43 33 33 33 15 55 55 15 33 33 33 43 43 43 43 43 43 43 43 15 18 19 18 18 18 18 18 
18 18 68 33 43 43 43 33 67 68 15 55 55 55 55 55 55 55 33 43 43 43 43 43 43 15 15 15 55 55 15 15 15 43 43 43 43 43 43 43 43 15 15 18 18 18 18 18 18 18 
18 18 68 33 43 43 43 33 67 68 15 55 55 55 55 55 55 55 33 43 43 43 43 43 43 15 55 55 55 55 55 55 15 43 43 43 43 43 43 43 43 18 19 18 18 19 18 18 18 18 
18 18 68 33 43 43 43 33 67 68 15 55 55 55 55 55 55 55 33 43 43 43 43 43 43 15 55 55 55 55 55 55 15 43 43 43 67 18 18 19 18 18 18 19 18 18 18 18 18 18 
18 18 68 33 43 43 43 33 73 72 33 33 33 33 33 33 33 33 33 43 43 43 43 43 43 43 43 43 43 43 43 43 43 43 43 43 67 18 18 18 18 18 18 18 18 18 18 18 18 18 
18 18 68 33 15 15 15 33 33 33 33 43 43 43 43 43 43 43 43 43 43 43 43 43 43 43 43 43 43 43 43 43 43 43 43 43 67 18 18 19 18 18 18 18 18 18 18 18 18 18 
18 18 68 15 15 15 15 15 15 15 43 43 43 43 43 43 43 43 43 43 43 43 43 43 43 43 43 43 43 43 43 43 43 43 43 43 67 18 18 18 18 18 18 19 18 18 18 18 18 18 
18 18 68 15 15 15 15 15 15 15 43 43 43 43 43 43 43 43 43 43 43 43 43 43 43 43 43 43 43 43 43 43 43 43 43 43 67 18 18 18 18 18 18 18 18 18 18 18 18 18 
18 18 68 15 15 15 15 15 15 15 43 43 43 43 43 43 43 43 43 43 43 43 43 43 43 43 43 43 43 43 43 43 43 43 43 43 67 18 19 18 18 19 18 18 18 18 18 18 18 18 
18 18 65 66 66 66 66 66 66 71 33 43 43 43 43 43 43 43 43 43 43 43 43 43 43 43 43 43 43 43 43 43 43 43 43 43 73 69 69 69 69 69 69 69 69 69 63 18 18 18 
18 18 18 18 18 18 18 18 18 68 33 33 33 33 33 33 33 33 43 43 43 43 43 43 43 43 43 43 43 43 43 43 43 43 43 43 43 43 43 43 43 43 43 43 43 43 67 18 18 18 
18 18 18 18 18 18 18 18 18 65 66 66 66 66 66 66 66 71 43 43 43 43 43 43 43 43 43 43 43 43 43 43 43 43 43 43 43 15 53 15 53 15 53 15 43 43 67 18 18 18 
18 18 18 18 18 18 18 18 18 18 18 18 18 18 18 18 18 68 15 33 15 2 15 33 2 43 43 43 43 43 43 43 43 43 43 43 43 53 55 55 55 55 55 53 43 43 67 18 18 18 
18 18 18 18 18 18 18 18 18 18 18 18 18 18 18 18 18 68 2 55 55 55 55 55 33 43 43 43 43 43 43 43 43 43 43 43 43 53 55 55 55 55 55 53 43 43 67 18 18 18 
18 18 18 18 18 18 18 18 18 18 18 18 18 18 18 18 18 68 15 55 55 55 55 55 15 2 15 43 43 43 43 43 43 43 43 43 43 15 15 55 15 55 15 15 43 43 67 18 18 18 
18 18 18 18 18 18 18 18 18 18 18 18 18 18 18 18 18 68 33 55 55 55 55 55 55 55 33 43 43 43 43 43 43 43 43 43 43 53 55 55 55 55 55 53 43 43 67 18 18 18 
18 18 18 18 18 18 18 18 18 18 18 18 18 18 18 18 18 68 15 55 55 55 55 55 55 55 15 43 43 43 43 43 43 43 43 43 43 43 53 55 55 55 53 43 43 43 67 18 18 18 
18 18 18 18 18 18 18 18 18 18 18 18 18 18 18 18 18 68 2 55 55 55 55 55 55 55 43 43 43 43 43 43 43 43 43 43 43 43 43 43 43 43 43 70 66 66 64 18 18 18 
18 18 18 18 18 18 18 18 18 18 18 18 18 18 18 18 18 68 15 33 15 33 2 33 15 33 2 43 43 43 43 43 43 43 43 43 43 43 43 43 43 43 43 67 18 18 18 18 18 18 
18 18 18 18 18 18 18 18 18 18 18 18 18 18 18 18 18 18 18 18 18 18 18 18 18 18 18 18 18 18 18 18 18 18 18 18 18 18 18 68 33 43 2 67 18 18 18 18 18 18 
18 18 18 18 18 18 18 18 18 18 18 18 18 18 18 18 18 18 18 18 18 18 18 18 18 18 18 18 18 18 18 18 18 18 18 18 18 18 18 68 15 43 2 67 18 18 18 18 18 18 
18 18 18 18 18 18 18 18 18 18 18 18 18 18 18 18 18 18 18 18 18 18 18 18 18 18 18 18 18 18 18 18 18 18 18 18 18 18 18 68 33 43 2 67 18 34 34 34 18 18 
18 18 18 18 18 18 18 18 18 18 18 18 18 18 18 18 18 18 18 18 18 18 18 18 18 18 18 18 18 18 18 18 18 18 18 18 18 18 18 68 15 43 15 67 34 34 34 34 18 18 
18 18 18 18 18 18 18 18 18 18 18 18 18 18 18 18 18 18 18 18 18 18 18 18 18 18 18 18 18 18 18 18 18 18 18 18 18 18 18 68 33 43 43 39 34 34 34 34 18 18 
18 18 18 18 18 18 18 18 18 18 18 18 18 18 18 18 18 18 18 18 18 18 18 18 18 18 18 18 18 18 18 18 18 18 18 18 18 18 18 68 15 33 2 67 34 34 34 34 18 18 
18 18 18 18 18 18 18 18 18 18 18 18 18 18 18 18 18 18 18 18 18 18 18 18 18 18 18 18 18 18 18 18 18 18 18 18 18 18 18 65 66 66 66 64 41 34 34 34 18 18 
18 18 18 18 18 18 18 18 18 18 18 18 18 18 18 18 18 18 18 18 18 18 18 18 18 18 18 18 18 18 18 18 18 18 18 18 18 18 18 18 18 18 18 18 18 41 41 41 18 18 
18 18 18 18 18 18 18 18 18 18 18 18 18 18 18 18 18 18 18 18 18 18 18 18 18 18 18 18 18 18 18 18 18 18 18 18 18 18 18 18 18 18 18 18 18 18 18 18 18 18 
18 18 18 18 18 18 18 18 18 18 18 18 18 18 18 18 18 18 18 18 18 18 18 18 18 18 18 18 18 18 18 18 18 18 18 18 18 18 18 18 18 18 18 18 18 18 18 18 18 18 
18 18 18 18 18 18 18 18 18 18 18 18 18 18 18 18 18 18 18 18 18 18 18 18 18 18 18 18 18 18 18 18 18 18 18 18 18 18 18 18 18 18 18 18 18 18 18 18 18 18 
18 18 18 18 18 18 18 18 18 18 18 18 18 18 18 18 18 18 18 18 18 18 18 18 18 18 18 18 18 18 18 18 18 18 18 18 18 18 18 18 18 18 18 18 18 18 18 18 18 18 
18 18 18 18 18 18 18 18 18 18 18 18 18 18 18 18 18 18 18 18 18 18 18 18 18 18 18 18 18 18 18 18 18 18 18 18 18 18 18 18 18 18 18 18 18 18 18 18 18 18 
18 18 18 18 18 18 18 18 18 18 18 18 18 18 18 18 18 18 18 18 18 18 18 18 18 18 18 18 18 18 18 18 18 18 18 18 18 18 18 18 18 18 18 18 18 18 18 18 18 18 
