18 18 18 18 18 18 18 18 18 18 18 18 18 18 18 18 18 18 18 18 18 18 18 18 18 18 18 18 18 18 18 18 18 18 18 18 18 18 18 18 18 18 18 18 18 18 18 18 18 18 
18 18 18 18 18 18 18 18 18 18 18 18 18 18 18 18 18 18 18 18 18 18 18 18 18 18 18 18 18 18 18 18 18 18 18 18 18 18 18 18 18 18 18 18 18 18 18 18 18 18 
18 18 18 18 18 18 18 18 18 18 18 18 18 18 18 18 18 18 18 18 18 18 18 18 18 18 18 18 18 18 18 18 18 18 18 18 18 18 18 18 18 18 18 18 18 18 18 18 18 18 
18 18 18 18 18 18 18 18 18 18 18 18 18 18 18 18 18 18 18 18 18 18 18 18 18 18 18 18 18 18 18 18 18 18 18 18 18 18 18 18 18 18 18 18 18 18 18 18 18 18 
18 18 18 18 18 18 18 18 18 18 18 18 18 18 18 18 18 18 18 18 18 18 18 18 18 18 18 18 18 18 18 18 18 18 18 18 18 18 18 18 18 18 18 18 18 18 18 18 18 18 
18 18 18 18 18 18 18 18 18 18 18 18 18 18 18 18 18 18 18 18 18 18 18 18 18 18 18 18 18 18 18 18 18 18 18 18 18 18 18 18 18 18 18 18 18 18 18 18 18 18 
18 18 18 18 18 18 18 18 18 18 18 18 18 18 18 18 18 18 18 18 18 18 18 18 18 18 18 18 18 18 18 18 18 18 18 18 18 18 18 18 18 18 18 18 18 18 18 18 18 18 
18 18 18 28 26 26 26 26 26 26 26 26 29 18 18 18 18 18 18 18 28 26 26 26 26 26 26 26 29 18 18 18 18 18 18 18 18 18 18 18 18 18 18 18 18 18 18 18 18 18 
18 18 18 24 43 43 43 43 43 43 43 43 23 18 18 18 18 18 18 18 24 43 43 43 43 43 43 43 23 18 18 18 18 18 18 18 18 18 18 18 18 18 18 18 18 18 18 18 18 18 
18 18 18 24 43 43 43 43 43 43 43 43 23 18 18 18 18 18 28 26 27 43 20 21 21 21 22 43 25 26 26 26 26 26 26 26 29 18 18 18 18 18 18 18 18 18 18 18 18 18 
18 18 18 24 43 43 43 43 43 43 43 43 23 18 18 18 18 18 24 43 43 43 23 18 18 18 24 43 43 43 43 43 43 43 43 43 23 18 18 18 18 18 18 18 18 18 18 18 18 18 
18 18 18 24 43 43 43 43 43 43 43 43 23 18 18 18 18 18 24 43 43 43 25 26 26 26 27 43 43 43 43 43 43 43 43 43 23 18 18 18 18 18 18 18 18 18 18 18 18 18 
18 18 28 27 43 43 43 43 43 43 43 43 23 18 18 18 18 18 24 43 43 43 43 43 43 43 43 43 43 43 43 43 43 43 43 43 23 18 18 18 18 18 18 18 18 18 18 18 18 18 
18 18 24 43 43 43 43 43 20 21 21 21 31 18 18 18 18 18 24 43 43 43 43 43 43 43 43 43 43 43 43 43 43 43 43 43 23 18 18 18 18 18 18 18 18 18 18 18 18 18 
18 18 24 43 43 43 43 43 23 18 18 18 18 18 18 18 18 18 24 43 43 43 43 43 43 43 43 43 43 43 43 43 43 43 43 43 23 18 18 18 18 18 18 18 18 18 18 18 18 18 
18 18 24 43 43 43 43 43 23 18 18 18 18 18 18 18 18 18 24 43 43 43 43 43 43 43 43 43 43 43 43 43 43 43 43 43 23 18 18 18 18 18 18 18 18 18 18 18 18 18 
18 18 24 43 43 43 43 43 23 28 26 26 26 26 26 26 26 26 27 43 43 43 43 43 43 43 43 43 43 43 43 43 43 43 43 43 23 18 18 18 18 19 18 18 18 18 18 18 18 18 
18 18 24 43 43 43 43 43 23 24 43 43 43 43 43 43 43 43 43 32 32 32 32 32 32 32 43 43 43 43 43 43 43 43 43 43 23 18 18 19 18 18 18 18 19 18 18 18 18 18 
18 18 24 43 43 43 43 43 23 24 43 43 43 43 43 43 43 43 43 32 34 34 34 34 34 34 34 43 43 43 43 43 43 43 43 43 23 18 18 18 18 19 18 18 18 18 18 18 18 18 
18 18 24 43 43 43 43 43 23 24 43 43 43 43 43 43 43 43 43 32 34 34 34 34 34 34 34 43 43 43 43 43 43 43 43 43 23 18 18 18 18 18 18 18 18 19 18 18 18 18 
18 18 24 43 43 43 43 43 23 24 43 43 43 43 43 43 43 43 43 32 34 34 34 34 34 34 34 43 43 43 43 43 43 43 43 43 23 18 18 19 18 18 18 19 18 18 18 18 18 18 
18 18 24 43 43 43 43 43 25 27 43 43 43 43 43 43 43 43 43 32 34 34 34 34 34 34 34 43 43 43 43 43 43 43 43 43 23 18 18 18 18 18 18 18 18 18 18 18 18 18 
18 18 24 43 43 43 43 43 43 43 43 43 43 43 43 43 43 43 43 32 34 34 34 34 34 34 34 43 43 43 43 43 43 43 43 43 23 18 18 19 18 18 18 18 18 18 18 18 18 18 
18 18 24 43 43 43 43 43 43 43 43 43 43 43 43 43 43 43 43 32 34 34 34 34 34 34 34 43 43 60 43 43 43 43 43 43 23 18 18 18 18 18 18 19 18 18 18 18 18 18 
18 18 24 43 43 43 43 43 43 43 43 43 43 43 43 43 43 43 43 32 43 32 32 32 32 32 32 32 32 58 32 32 32 32 32 32 23 18 18 18 18 18 18 18 18 18 18 18 18 18 
18 18 24 43 43 43 43 43 43 43 43 43 43 43 43 43 43 43 43 43 43 43 43 43 43 43 43 43 43 43 43 43 43 43 43 43 23 18 19 18 18 19 18 18 18 18 18 18 18 18 
18 18 30 21 21 21 21 21 21 22 43 43 43 43 43 43 43 43 43 43 43 43 43 43 43 43 43 43 43 43 43 43 43 43 43 43 25 26 26 26 26 26 26 26 26 26 29 18 18 18 
18 18 18 18 18 18 18 18 18 24 43 43 43 43 43 43 43 43 43 43 43 43 43 43 43 43 43 43 43 43 43 43 43 43 43 43 43 43 43 43 43 43 43 43 43 43 23 18 18 18 
18 18 18 18 18 18 18 18 18 30 21 21 21 21 21 21 21 22 43 43 43 43 43 43 43 43 43 43 43 43 43 43 43 43 43 43 43 43 43 43 43 43 43 43 43 43 23 18 18 18 
18 18 18 18 18 18 18 18 18 18 18 18 18 18 18 18 18 24 43 43 43 43 43 43 43 43 43 43 43 43 43 43 43 43 43 43 43 43 43 43 43 43 43 43 43 43 23 18 18 18 
18 18 18 18 18 18 18 18 18 18 18 18 18 28 26 29 18 24 43 43 43 43 43 43 43 43 43 43 43 43 43 43 43 43 43 43 43 43 43 43 43 43 43 43 43 43 23 18 18 18 
18 18 18 18 18 18 18 18 18 18 18 18 18 24 19 23 18 24 43 43 43 43 43 43 43 43 43 43 43 43 43 43 43 43 43 43 43 43 43 43 43 43 43 43 43 43 23 18 18 18 
18 18 18 18 18 18 18 18 18 18 18 18 18 30 21 31 18 24 43 43 43 43 43 43 43 43 43 43 43 43 43 43 43 43 43 43 43 43 43 43 43 43 43 43 43 43 23 18 18 18 
18 18 18 18 18 18 18 18 18 18 18 18 18 18 18 18 18 24 43 43 43 43 43 43 43 43 43 43 43 43 43 43 43 43 43 43 43 43 43 43 43 43 43 43 43 43 23 18 18 18 
18 18 18 18 18 18 18 18 18 18 18 18 18 18 18 18 18 24 43 43 43 43 43 43 43 43 43 43 43 43 43 43 43 43 43 43 43 43 43 43 43 43 43 20 21 21 31 18 18 18 
18 18 18 18 18 18 18 18 18 18 18 18 18 18 18 18 18 24 43 43 43 43 43 43 43 20 21 21 22 43 43 43 43 43 43 43 20 21 21 22 43 43 43 23 18 18 18 18 18 18 
18 18 18 18 18 18 18 18 18 18 18 18 18 18 18 18 18 24 43 43 43 43 43 43 43 25 26 26 27 43 43 43 43 43 20 21 31 18 18 24 43 43 43 23 18 18 18 18 18 18 
18 18 18 18 18 18 18 18 18 18 18 18 18 18 18 18 18 24 43 43 43 43 43 43 43 43 43 43 43 43 43 43 43 43 23 18 18 18 18 24 43 43 43 23 18 18 18 18 18 18 
18 18 18 18 18 18 18 18 18 18 18 18 18 18 18 18 18 24 43 43 43 43 43 43 43 43 43 43 43 43 43 43 43 43 23 18 18 18 18 24 43 43 43 23 18 34 34 34 18 18 
18 18 18 18 18 18 18 18 18 18 18 18 18 18 18 18 18 24 43 43 43 43 43 43 43 43 43 43 43 43 43 43 43 43 23 18 18 18 18 24 43 43 43 23 34 34 34 34 18 18 
18 18 18 18 18 18 18 18 18 18 18 18 18 18 18 18 18 24 43 43 43 43 43 43 43 43 43 43 43 43 43 43 43 43 23 18 18 18 18 24 43 43 43 38 34 34 34 34 18 18 
18 18 18 18 18 18 18 18 18 18 18 18 18 18 18 18 18 24 43 43 43 43 43 43 43 43 43 43 43 43 43 43 43 43 23 18 18 18 18 24 43 43 43 42 34 34 34 34 18 18 
18 18 18 18 18 18 18 18 18 18 18 18 18 18 18 18 18 24 43 43 20 21 22 43 43 43 43 43 43 43 43 43 43 43 23 18 18 18 18 30 21 21 21 31 41 34 34 34 18 18 
18 18 18 18 18 18 18 18 18 18 18 18 18 18 18 18 18 24 43 43 23 18 24 43 43 43 43 43 43 43 43 43 43 43 23 18 18 18 18 18 18 18 18 18 18 41 41 41 18 18 
18 18 18 18 18 18 18 18 18 18 18 18 18 18 18 18 18 30 22 43 23 18 24 43 43 43 43 43 43 43 43 43 43 43 23 18 18 18 18 18 18 18 18 18 18 18 18 18 18 18 
18 18 18 18 18 18 18 18 18 18 18 18 18 18 18 18 18 18 30 21 31 18 30 21 21 21 21 21 21 21 21 21 21 21 31 18 18 18 18 18 18 18 18 18 18 18 18 18 18 18 
18 18 18 18 18 18 18 18 18 18 18 18 18 18 18 18 18 18 18 18 18 18 18 18 18 18 18 18 18 18 18 18 18 18 18 18 18 18 18 18 18 18 18 18 18 18 18 18 18 18 
18 18 18 18 18 18 18 18 18 18 18 18 18 18 18 18 18 18 18 18 18 18 18 18 18 18 18 18 18 18 18 18 18 18 18 18 18 18 18 18 18 18 18 18 18 18 18 18 18 18 
18 18 18 18 18 18 18 18 18 18 18 18 18 18 18 18 18 18 18 18 18 18 18 18 18 18 18 18 18 18 18 18 18 18 18 18 18 18 18 18 18 18 18 18 18 18 18 18 18 18 
18 18 18 18 18 18 18 18 18 18 18 18 18 18 18 18 18 18 18 18 18 18 18 18 18 18 18 18 18 18 18 18 18 18 18 18 18 18 18 18 18 18 18 18 18 18 18 18 18 18 
