32 32 32 32 32 32 32 32 32 32 32 32 32 32 32 32 32 32 32 32 32 32 32 32 32 32 32 32 32 32 32 32 32 32 32 32 32 32 32 32 32 32 32 32 32 32 32 32 32 32
32 44 44 44 44 44 44 32 44 44 44 44 44 44 44 44 44 44 44 44 44 44 44 4 44 44 4 32 44 44 44 44 44 44 44 44 44 44 44 44 44 44 44 44 44 44 44 44 44 32
32 44 44 44 44 44 44 32 44 44 44 44 44 44 44 44 44 44 44 44 44 44 44 4 44 44 4 32 44 44 44 44 44 44 44 44 44 44 44 44 44 44 44 44 44 44 44 44 44 32
32 44 44 44 44 44 44 44 32 44 44 44 44 44 44 44 44 44 44 44 44 44 44 4 44 44 4 32 44 44 44 44 44 44 44 44 44 44 44 44 44 44 44 44 44 44 44 44 44 32
32 44 44 44 44 44 44 44 32 44 44 44 44 44 44 44 44 44 44 44 44 44 32 4 44 44 4 32 44 44 44 44 44 44 44 44 44 44 44 44 44 44 44 44 44 44 44 44 44 32
32 44 44 44 44 44 44 44 32 32 44 44 44 44 44 44 44 44 44 44 44 44 32 4 44 44 4 32 44 44 44 44 44 44 44 44 44 44 44 44 44 44 44 44 44 44 44 44 44 32
32 44 44 44 44 44 44 44 44 32 44 44 44 44 44 44 44 44 44 44 44 44 32 4 44 44 4 32 44 44 44 44 44 44 44 44 44 44 44 44 44 44 44 44 44 44 44 44 44 32
32 44 44 44 44 44 44 44 44 32 32 32 44 44 44 44 44 44 44 44 44 44 32 4 44 44 4 44 44 44 44 44 44 44 44 44 44 44 44 44 44 44 44 44 44 44 44 44 44 32
32 44 44 44 44 44 44 44 44 44 44 32 32 44 44 44 44 44 44 44 44 44 32 4 44 44 4 44 44 44 44 44 44 44 44 44 44 44 44 44 44 44 44 44 44 44 44 44 44 32
32 44 44 44 44 44 44 44 44 44 44 44 44 32 44 44 44 44 44 44 44 44 32 4 44 44 4 44 44 44 44 44 44 44 44 44 44 44 44 44 44 44 44 44 44 44 44 44 44 32
32 44 44 44 44 44 44 44 44 44 44 44 44 32 32 44 44 44 44 44 44 44 32 4 44 44 4 44 44 44 44 44 44 44 44 44 32 32 32 32 44 44 44 44 44 44 44 44 44 32
32 44 44 44 44 44 44 44 44 44 44 44 44 44 32 32 44 44 44 44 44 44 32 4 44 44 4 32 32 32 32 32 32 32 32 32 32 44 44 32 32 32 32 32 32 32 32 32 32 32
32 44 44 44 44 44 44 44 44 44 44 44 44 44 44 32 32 32 32 44 44 44 32 4 44 44 4 32 44 44 44 44 44 44 44 44 44 44 44 44 44 44 44 44 44 44 44 44 44 32
32 44 44 44 44 44 44 44 44 44 44 44 44 44 44 44 44 44 32 32 44 44 32 4 44 44 4 32 44 44 44 44 44 44 44 44 44 44 44 44 44 44 44 44 44 44 44 44 44 32
32 44 44 44 44 32 32 32 32 32 32 44 44 44 44 44 44 44 44 32 32 32 32 4 44 44 4 32 44 44 44 44 44 44 44 44 44 44 44 44 44 44 44 44 44 44 44 44 44 32
32 44 44 44 44 44 44 44 44 44 32 32 32 32 32 32 32 32 32 0 0 0 0 4 44 44 4 44 44 44 44 44 44 44 44 44 44 44 44 44 44 44 44 44 44 44 44 44 44 32
32 44 44 44 44 44 44 44 44 44 44 44 44 44 44 44 44 44 32 32 32 32 32 4 44 44 4 44 44 44 44 44 44 44 44 44 44 44 44 44 44 44 44 44 44 44 44 44 44 32
32 44 44 44 44 44 44 44 44 44 44 44 44 44 44 44 44 44 44 44 44 44 32 4 44 44 4 44 44 44 44 44 44 44 44 44 44 44 44 44 44 44 44 44 44 44 44 44 44 32
32 44 44 44 44 44 44 44 44 44 44 44 44 44 44 44 44 44 44 44 44 44 32 4 44 44 4 32 44 44 44 44 44 44 44 44 44 44 44 44 44 44 44 44 44 44 44 44 44 32
32 44 44 44 44 44 44 44 44 44 44 44 44 44 44 44 44 44 44 44 44 44 44 4 44 44 4 32 44 44 44 44 44 44 44 44 44 44 44 44 44 44 44 44 44 44 44 44 44 32
32 44 44 44 44 44 44 44 44 44 44 44 44 44 44 44 44 44 44 44 44 44 44 4 44 44 4 32 32 32 32 32 32 32 32 32 32 32 32 44 32 32 32 32 32 32 32 44 44 32
32 44 44 44 44 44 44 44 44 44 44 44 44 44 44 44 44 44 44 44 44 44 44 4 44 44 4 32 44 44 44 44 44 44 44 44 44 44 32 32 32 44 44 44 44 44 32 32 32 32
32 44 44 44 44 44 44 44 44 44 44 44 44 44 44 44 44 44 44 44 44 44 44 4 44 44 4 32 44 44 44 44 44 44 44 44 44 44 44 44 44 44 44 44 44 44 44 44 44 32
32 44 44 44 44 44 44 44 44 44 44 44 44 44 44 44 44 44 44 44 44 44 32 4 44 44 4 32 44 44 44 44 44 44 44 44 44 44 44 44 44 44 44 44 44 44 44 44 44 32
32 44 44 44 44 44 44 44 44 44 44 44 44 44 44 44 44 44 44 44 44 44 32 4 44 44 4 32 44 44 44 44 44 44 44 44 44 44 44 44 44 44 44 44 44 44 44 44 44 32
32 44 44 44 44 44 44 44 44 44 44 44 44 44 44 44 44 32 32 32 32 32 32 4 44 44 4 32 44 44 44 44 44 44 44 44 44 44 44 44 44 44 44 44 44 44 44 44 44 32
32 32 32 32 32 32 32 32 32 32 32 32 32 32 32 32 32 32 44 44 44 44 32 4 44 44 4 32 44 44 44 44 44 44 44 44 44 44 44 44 44 44 44 44 44 44 44 44 44 32
32 44 44 44 44 44 44 44 44 44 44 44 44 44 44 44 44 44 44 44 44 44 32 4 44 44 4 32 44 44 44 44 44 44 44 44 44 44 44 44 44 44 44 44 44 44 44 44 44 32
32 44 44 44 44 44 44 44 44 44 44 44 44 44 44 44 44 44 44 44 44 44 32 4 44 44 4 32 44 44 44 44 44 44 44 44 44 44 44 44 44 44 44 44 44 44 44 44 44 32
32 44 44 44 44 44 44 44 44 44 44 44 44 44 44 44 44 44 44 44 44 44 32 4 44 44 4 32 44 44 44 44 44 44 44 44 44 44 44 44 44 44 44 44 44 44 44 44 44 32
32 44 44 44 44 44 44 44 44 44 44 44 44 44 44 44 44 44 44 44 44 44 32 4 44 44 4 32 44 44 44 44 44 44 44 44 44 44 44 44 44 44 44 44 44 44 44 44 44 32
32 44 44 44 44 44 44 44 44 44 44 44 44 44 44 44 44 44 44 44 44 44 32 4 44 44 4 32 44 44 44 44 44 44 44 44 44 44 44 44 44 44 44 44 44 44 44 44 44 32
32 44 44 44 44 44 44 44 44 44 44 44 44 44 44 44 44 44 44 44 44 44 32 4 44 44 4 32 32 32 32 32 32 32 32 44 44 44 44 32 32 32 32 32 32 32 32 32 0 32
32 44 44 44 44 44 44 44 44 44 44 44 44 44 44 44 44 44 44 44 44 44 32 4 44 44 45 45 45 45 45 45 45 45 45 45 45 44 45 45 45 45 45 45 45 45 45 45 0 32
32 44 44 44 44 44 44 44 44 44 44 44 44 44 44 44 44 44 44 44 44 44 44 4 44 44 44 44 44 44 44 44 44 44 44 44 44 44 44 44 44 44 44 44 44 44 44 48 0 32
32 44 44 44 44 44 44 44 44 44 44 44 44 44 44 44 44 44 44 44 44 44 44 4 44 44 44 44 44 44 44 44 44 44 44 44 44 44 44 44 44 44 44 44 44 44 44 48 0 32
32 44 44 44 44 44 44 44 44 44 44 44 44 44 44 44 44 44 44 44 44 44 44 4 44 44 46 46 46 46 46 46 46 46 46 46 46 46 46 46 46 46 46 46 51 44 44 48 0 32
32 32 32 32 32 32 32 32 32 32 32 32 32 32 32 32 44 44 44 32 32 32 32 4 32 32 32 32 32 32 32 32 32 32 32 32 32 32 32 32 32 32 32 32 51 44 44 48 0 32
32 44 44 44 44 44 44 44 44 44 44 44 44 44 44 32 44 44 44 44 44 44 44 4 0 0 0 0 0 0 0 0 0 0 0 0 0 0 0 0 0 0 0 32 51 44 44 48 0 32
32 44 44 44 44 44 44 44 44 44 44 44 44 44 44 32 44 44 44 44 44 44 44 4 0 0 0 0 0 0 0 0 0 0 0 0 0 0 0 0 0 0 0 32 51 44 44 48 0 32
32 44 44 44 44 44 44 44 44 44 44 44 44 44 44 32 44 44 44 44 44 44 44 32 32 32 32 0 0 0 0 0 0 0 0 0 0 0 0 0 0 0 0 32 51 44 44 48 0 32
32 44 44 44 44 44 44 44 44 44 44 44 44 44 44 32 44 44 44 44 44 44 44 32 44 44 32 32 32 32 32 32 32 32 32 32 32 32 32 32 32 32 32 32 51 44 44 48 0 32
32 44 44 44 44 44 44 44 44 44 44 44 44 44 44 32 32 32 32 32 32 32 32 32 44 44 54 45 45 45 45 45 45 45 45 45 45 45 45 45 45 45 45 45 56 44 44 48 0 32
32 44 44 44 44 44 44 44 44 44 44 44 44 44 44 44 44 44 44 44 44 44 44 44 44 44 44 44 44 44 44 44 44 44 44 44 44 44 44 44 44 44 44 44 44 44 44 48 0 32
32 44 44 44 44 44 44 44 44 44 44 44 44 44 44 44 44 44 44 44 44 44 44 44 44 44 44 44 44 44 44 44 44 44 44 44 44 44 44 44 44 44 44 44 44 44 44 48 0 32
32 44 44 44 44 44 44 44 44 44 44 44 44 44 44 32 32 32 32 32 32 32 32 32 44 44 46 46 46 46 46 46 46 46 46 46 46 46 46 46 46 46 46 46 46 46 46 49 0 32
32 44 44 44 44 44 44 44 44 44 44 44 44 44 44 32 0 0 0 0 0 0 0 32 44 44 32 32 32 32 32 32 32 32 32 32 32 32 32 32 32 32 32 32 32 32 32 32 0 32
32 32 32 32 32 32 32 32 32 32 32 32 32 32 32 32 0 0 0 0 0 0 0 32 44 44 32 0 0 0 0 0 0 0 0 0 0 0 0 0 0 0 0 0 0 0 0 0 0 32
32 0 0 0 0 0 0 0 0 0 0 0 0 0 0 0 0 0 0 0 0 0 32 32 1 1 32 32 0 0 0 0 0 0 0 0 0 0 0 0 0 0 0 0 0 0 0 0 0 32
32 32 32 32 32 32 32 32 32 32 32 32 32 32 32 32 32 32 32 32 32 32 32 32 0 0 32 32 32 32 32 32 32 32 32 32 32 32 32 32 32 32 32 32 32 32 32 32 32 32
