245 43 43 43 43 43 43 43 43 43 245 2 244 0 0 244 244 244 244 43 2 43 43 43 43 43 43 43 43 43 43 43 43 43 43 43 43 43 43 43 43 43 43 43 43 43 43 43 43 43
245 43 43 43 2 43 43 244 43 43 43 244 51 44 44 48 43 244 244 244 244 43 43 43 43 43 43 43 43 43 43 43 43 43 43 43 43 43 43 43 43 43 43 43 43 43 43 43 43 43
245 43 43 244 43 43 43 43 2 43 245 43 51 44 44 48 43 43 244 244 244 244 43 43 43 245 245 43 43 43 43 43 43 43 43 43 43 43 43 43 43 43 43 43 43 43 43 43 43 43
244 43 43 43 43 245 43 43 43 43 43 2 51 44 44 48 43 43 244 15 244 43 43 43 43 43 43 43 43 43 43 43 43 43 43 43 43 43 43 43 43 43 43 43 43 43 43 43 43 43
244 43 43 43 43 43 43 244 43 43 43 245 51 44 44 48 43 43 244 244 43 43 244 43 43 43 43 43 43 43 43 43 43 43 43 43 43 43 43 43 43 43 43 43 43 43 43 43 43 43
43 43 2 43 43 43 43 43 43 43 2 245 51 44 44 48 43 43 244 43 43 43 244 43 43 43 43 43 43 43 43 43 43 43 43 43 43 43 43 43 43 43 43 43 43 43 43 43 43 43
244 43 43 43 244 43 43 2 2 43 244 2 51 44 44 48 43 43 244 244 43 43 43 2 43 43 43 43 43 43 43 43 43 43 43 43 43 43 43 43 43 43 43 43 43 43 43 43 43 43
43 43 43 43 43 43 43 43 43 43 245 43 51 44 44 48 43 43 244 15 245 245 43 245 245 43 43 43 43 43 43 43 43 43 43 43 43 43 43 43 43 43 43 43 43 43 43 43 43 43
244 43 2 43 43 43 43 43 43 43 43 2 51 44 44 48 43 43 245 43 43 43 244 43 43 245 43 43 245 43 43 43 43 43 245 245 43 43 43 43 43 43 43 43 43 43 43 43 43 43
244 43 43 43 43 43 43 43 245 43 43 245 51 44 44 48 43 43 245 15 43 43 244 43 2 245 245 245 43 245 43 43 245 43 43 245 43 245 245 43 43 245 43 43 43 245 43 43 43 43
43 245 43 43 43 43 43 43 43 43 43 244 51 44 44 48 43 43 43 245 43 43 244 43 43 43 43 43 43 43 43 43 43 43 245 43 43 43 245 43 43 245 245 245 245 245 245 245 2 43
244 43 43 43 43 43 2 43 43 43 245 2 51 44 44 48 43 43 43 244 244 244 43 43 43 43 43 43 43 43 43 245 43 43 245 43 245 43 15 43 43 245 2 43 245 43 43 43 43 43
43 43 43 43 244 43 43 244 43 15 245 43 51 44 44 48 43 43 43 244 43 43 43 15 43 43 43 43 43 2 43 245 43 43 43 43 43 245 245 43 245 43 43 245 245 43 43 43 43 43
244 43 43 43 43 43 43 43 43 245 43 43 51 44 44 48 43 43 43 43 244 244 43 43 244 244 244 244 43 43 43 43 43 43 245 43 43 43 2 245 245 245 245 43 43 244 244 43 244 43
43 43 43 43 43 2 43 43 43 245 43 43 51 44 44 48 43 43 43 43 43 43 244 244 244 43 43 43 244 244 244 244 244 244 244 43 43 244 244 244 244 43 244 43 43 43 43 15 244 244
244 43 43 43 245 43 43 43 43 2 43 43 51 44 44 48 43 43 43 43 43 43 43 43 43 43 43 43 43 43 43 43 43 43 245 15 245 43 245 43 43 43 43 244 244 43 43 244 244 43
43 43 43 43 43 43 43 43 43 245 43 43 51 44 44 48 43 43 43 43 43 43 43 43 43 43 43 43 43 43 43 43 43 43 43 43 43 43 43 43 43 43 43 43 43 43 43 43 43 244
244 43 43 43 43 43 43 43 43 15 43 43 51 44 44 54 45 45 45 45 45 45 45 45 45 45 45 45 45 45 45 45 45 45 45 45 45 45 45 45 45 45 45 45 45 45 45 45 45 244
43 43 43 2 43 43 43 43 43 245 43 43 51 44 44 44 44 44 44 44 44 44 44 44 44 44 44 44 44 44 44 44 44 44 44 44 44 44 44 44 44 44 44 44 44 44 44 44 44 0
244 43 43 43 43 43 43 244 43 245 43 43 51 44 44 44 44 44 44 44 44 44 44 44 44 44 44 44 44 44 44 44 44 44 44 44 44 44 44 44 44 44 44 44 44 44 44 44 44 0
43 43 43 43 43 43 43 43 43 245 2 245 245 245 245 46 46 46 46 46 46 46 46 46 46 46 46 46 46 46 46 46 46 46 46 46 46 46 46 46 46 46 46 46 46 46 46 46 46 244
244 43 43 43 43 43 43 43 43 245 245 245 43 245 15 245 245 43 43 43 43 43 43 43 43 43 43 43 43 43 43 43 43 43 43 43 43 43 43 43 43 43 43 43 43 43 43 43 43 244
43 43 43 43 43 43 43 43 43 43 43 43 43 43 43 43 244 2 245 43 245 15 245 245 2 244 244 244 245 245 245 245 244 244 244 244 245 245 245 2 245 245 245 245 245 245 245 245 245 15
244 43 43 245 43 43 43 43 43 43 245 43 43 43 43 43 43 43 43 245 43 245 43 43 43 43 43 43 43 43 2 43 43 43 43 43 43 43 43 43 43 43 43 43 43 43 43 43 43 43
43 43 43 43 43 2 43 43 43 43 43 43 43 43 43 43 43 43 43 43 43 43 43 245 43 43 43 43 43 43 43 43 43 43 43 43 43 43 43 43 43 43 43 43 43 43 43 245 43 15
244 43 43 43 43 43 43 43 43 43 43 43 43 43 43 43 43 43 43 43 43 43 43 43 43 43 2 43 43 43 43 43 43 43 43 43 43 43 43 43 43 43 43 245 245 245 43 43 43 43
43 43 43 43 43 43 43 43 43 43 43 43 43 43 43 43 43 43 43 43 2 43 43 43 43 43 43 43 245 43 43 245 43 43 43 15 43 245 43 43 245 43 43 43 43 2 43 43 43 43
244 43 43 43 43 43 43 43 43 43 43 43 245 43 43 15 43 43 43 43 43 43 43 43 43 43 43 43 43 43 43 43 43 43 43 15 43 43 43 43 43 43 43 43 43 43 43 43 43 43
43 43 43 43 43 43 43 43 43 43 43 43 43 43 43 43 43 43 43 43 43 43 15 43 43 43 43 43 43 43 43 43 43 43 43 43 43 43 43 43 43 43 43 43 43 43 43 43 43 43
244 43 43 43 43 43 43 43 43 43 43 43 43 43 43 43 43 43 2 43 43 43 43 43 43 43 43 43 43 43 43 43 43 43 43 43 43 43 43 43 43 43 43 43 43 43 43 43 43 43
43 43 43 2 43 43 43 43 43 43 43 43 43 43 43 43 43 43 43 43 43 43 43 43 43 43 43 43 43 43 43 43 15 43 43 43 2 43 43 43 15 43 43 43 43 43 43 43 2 43
244 43 43 43 43 43 43 43 43 43 43 43 43 43 43 43 43 43 43 43 43 244 43 43 43 43 43 43 43 43 43 43 43 43 43 43 43 43 43 43 43 43 43 43 43 43 43 43 43 43
43 43 43 43 43 43 43 43 43 43 43 43 15 43 43 43 15 43 43 43 43 43 43 43 43 43 43 43 43 43 43 43 43 43 43 43 43 43 43 43 43 43 2 43 43 43 43 43 43 43
244 43 43 43 43 43 43 43 43 2 43 43 43 43 43 43 43 43 43 43 43 43 43 43 43 43 43 43 2 43 43 43 43 43 43 43 43 43 43 43 43 43 43 43 43 43 43 43 43 43
43 43 43 43 15 43 43 43 43 43 43 43 43 43 43 2 43 43 43 43 43 245 43 43 43 43 43 43 43 43 244 43 43 43 43 43 43 43 43 43 43 43 43 43 43 43 244 43 43 43
244 43 43 43 43 43 43 43 43 43 43 43 43 43 43 43 43 43 43 43 43 43 43 43 43 43 43 43 43 43 43 43 43 43 43 15 15 245 43 43 43 43 43 43 43 43 43 43 43 43
43 43 43 43 43 43 43 43 43 43 43 43 43 43 43 43 43 43 43 2 43 43 43 43 43 43 43 43 43 43 43 43 43 43 43 43 43 43 43 43 43 43 2 43 43 43 43 43 43 43
244 43 43 43 43 43 43 43 43 15 15 43 43 43 43 244 43 43 43 43 43 43 43 43 43 15 43 43 43 43 43 43 43 43 43 43 43 43 43 43 43 43 43 43 43 43 43 245 43 43
43 43 43 43 43 245 245 43 43 43 43 43 43 43 43 43 43 43 43 43 43 43 43 244 43 43 43 43 43 43 2 43 43 43 43 43 43 43 43 43 43 43 43 43 43 43 43 43 43 43
244 43 43 43 43 43 43 43 43 43 43 43 43 43 43 43 43 43 43 43 43 43 43 43 43 43 43 43 43 43 43 43 43 43 43 43 43 43 43 43 2 43 43 43 43 43 43 43 43 43
43 43 43 43 43 43 43 43 43 43 43 43 43 43 43 43 43 2 43 43 43 43 43 43 43 43 43 43 43 43 43 43 43 245 43 43 43 43 43 43 43 43 43 43 43 43 43 43 244 43
244 43 43 2 43 43 43 43 43 43 43 43 43 43 43 43 43 43 43 43 43 43 43 43 43 2 43 43 43 43 43 43 43 43 43 43 43 43 43 43 43 43 43 245 43 43 43 43 43 43
43 43 43 43 43 43 43 43 43 245 43 43 43 43 43 43 245 43 43 43 43 43 245 43 43 43 43 43 43 43 43 43 43 43 43 43 43 43 43 43 43 43 43 43 43 43 43 43 43 43
244 43 43 43 43 43 43 43 43 43 43 43 43 43 43 43 43 43 43 43 43 43 43 43 245 43 43 43 43 43 43 43 43 43 43 43 43 43 2 43 43 43 43 43 43 43 245 43 2 43
43 43 43 43 43 43 43 43 43 43 43 43 43 2 43 43 43 43 43 43 43 43 43 43 43 43 43 43 43 43 43 43 43 244 43 43 43 43 43 43 43 43 43 43 43 43 43 43 43 43
43 43 43 43 245 43 43 43 43 43 43 43 43 43 43 43 43 43 43 43 2 43 43 43 43 43 43 245 43 43 43 2 43 43 43 43 43 43 43 43 43 43 43 43 43 43 43 43 43 43
43 43 43 43 43 43 15 43 43 43 43 43 43 43 43 43 43 43 245 43 43 43 43 244 43 43 43 43 43 43 43 43 43 43 43 43 43 43 43 43 43 244 244 43 43 43 43 43 43 43
43 43 43 43 43 43 43 43 43 43 43 43 43 43 43 43 43 43 245 43 43 43 43 43 43 43 43 43 43 43 43 43 43 43 43 43 43 43 43 43 43 43 43 43 43 43 43 43 43 43
43 43 43 43 43 43 43 43 43 43 43 43 43 43 43 43 43 43 43 43 43 43 43 43 43 43 43 43 43 43 43 43 43 43 43 43 43 43 43 43 43 43 43 43 43 43 43 43 43 43
43 43 43 43 43 43 43 43 43 43 43 43 43 43 43 43 43 43 43 43 43 43 43 43 43 43 43 43 43 43 43 43 43 43 43 43 43 43 43 43 43 43 43 43 43 43 43 43 43 43
