32 32 32 32 32 32 32 32 32 32 32 32 32 32 32 32 32 32 32 32 32 32 32 32 32 32 32 32 32 32 32 32 32 32 32 32 32 32 32 32 32 32 32 32 32 32 32 32 32 32
32 0 0 0 0 0 0 0 0 0 0 0 0 0 0 0 0 0 0 32 44 44 44 44 44 44 44 44 44 44 32 0 0 0 0 0 0 0 0 0 0 0 0 0 0 0 0 0 0 32
32 0 0 0 0 0 0 0 0 0 0 0 0 0 0 0 0 0 0 32 44 44 44 44 44 44 44 44 44 44 32 0 0 0 0 0 0 0 0 0 0 0 0 0 0 0 0 0 0 32
32 0 0 0 0 0 0 0 0 0 0 0 0 0 0 0 0 0 0 32 44 44 44 44 44 44 44 44 44 44 32 0 0 0 0 0 0 0 0 0 0 0 0 0 0 0 0 0 0 32
32 0 0 0 0 0 0 0 0 0 0 0 0 0 0 0 0 0 0 32 44 44 44 44 44 44 44 44 44 44 32 0 0 0 0 0 0 0 0 0 0 0 0 0 0 0 0 0 0 32
32 0 0 0 0 0 0 0 0 0 0 0 0 0 0 0 0 0 0 32 44 44 44 44 44 44 44 44 44 44 32 0 0 0 0 0 0 0 0 0 0 0 0 0 0 0 0 0 0 32
32 0 0 0 0 0 0 0 0 0 0 0 0 0 0 0 0 0 0 32 44 44 44 44 44 44 44 44 44 44 32 0 0 0 0 0 0 0 0 0 0 0 0 0 0 0 0 0 0 32
32 0 0 0 0 0 0 0 0 0 0 0 0 0 0 0 0 0 0 32 44 44 44 44 44 44 44 44 44 44 32 0 0 0 0 0 0 0 0 0 0 0 0 0 0 0 0 0 0 32
32 0 0 0 0 0 0 0 0 0 0 0 0 0 0 0 0 0 0 32 44 44 44 44 44 44 44 44 44 44 32 0 0 0 0 0 0 0 0 0 0 0 0 0 0 0 0 0 0 32
32 0 0 0 0 0 0 0 0 0 0 0 0 0 0 0 0 0 0 32 44 44 44 44 44 44 44 44 44 44 32 0 0 0 0 0 0 0 0 0 0 0 0 0 0 0 0 0 0 32
32 0 0 0 0 0 0 0 0 0 0 0 0 0 0 0 0 0 0 0 32 44 44 44 44 44 44 44 44 32 0 0 0 0 0 0 0 0 0 0 0 0 0 0 0 0 0 0 0 32
32 0 0 0 0 0 0 0 0 0 0 0 0 0 0 0 0 0 0 0 0 32 44 44 44 44 44 44 32 0 0 0 0 0 0 0 0 0 0 0 0 0 0 0 0 0 0 0 0 32
32 0 0 0 0 0 0 0 0 0 0 0 0 0 0 0 0 0 0 0 0 0 32 44 44 44 44 32 0 0 0 0 0 0 0 0 0 0 0 0 0 0 0 0 0 0 0 0 0 32
32 0 0 0 0 0 0 0 0 0 0 0 0 0 0 0 0 0 0 0 0 0 32 44 44 44 44 32 0 0 0 0 0 0 0 0 0 0 0 0 0 0 0 0 0 0 0 0 0 32
32 0 0 0 0 0 0 0 0 0 0 0 0 0 0 0 0 0 0 0 0 0 32 44 44 44 44 32 0 0 0 0 0 0 0 0 0 0 0 0 0 0 0 0 0 0 0 0 0 32
32 32 32 32 32 32 32 32 32 32 32 32 32 32 32 32 32 32 32 32 32 32 32 44 44 44 44 32 32 32 32 32 32 32 32 32 32 32 32 32 32 32 32 32 32 32 32 32 32 32
32 0 0 0 0 0 32 32 32 32 32 32 44 44 44 44 44 44 44 44 44 44 44 44 44 44 44 44 44 44 44 44 44 44 44 44 44 44 44 32 32 32 32 32 0 0 0 0 0 32
32 0 0 0 0 0 32 32 32 32 32 44 44 44 44 44 44 44 44 44 44 44 44 44 44 44 44 44 44 44 44 44 44 44 44 44 44 44 44 44 32 32 32 32 0 0 0 0 0 32
32 0 0 0 0 0 32 32 32 32 44 44 44 44 44 44 44 44 44 44 44 44 44 44 44 44 44 44 44 44 44 44 44 44 44 44 44 44 44 44 44 32 32 32 0 0 0 0 0 32
32 0 0 0 0 0 32 32 32 44 44 44 44 44 44 44 44 44 44 44 44 44 44 44 44 44 44 44 44 44 44 44 44 44 44 44 44 44 44 44 44 44 32 32 0 0 0 0 0 32
32 0 0 0 0 0 32 32 44 44 44 44 44 44 44 44 44 44 44 44 44 44 44 44 44 44 44 44 44 44 44 44 44 44 44 44 44 44 44 44 44 44 44 32 0 0 0 0 0 32
32 0 0 0 0 0 32 44 44 44 44 44 44 44 44 44 44 44 44 44 44 44 44 44 44 44 44 44 44 44 44 44 44 44 44 44 44 44 44 44 44 44 44 32 0 0 0 0 0 32
32 0 0 0 0 0 32 44 44 44 44 44 44 44 44 44 44 44 44 44 44 44 44 44 44 44 44 44 44 44 44 44 44 44 44 44 44 44 44 44 44 44 44 32 0 0 0 0 0 32
32 0 0 0 0 0 32 44 44 44 44 44 44 44 44 44 44 44 44 44 44 44 44 44 44 44 44 44 44 44 44 44 44 44 44 44 44 44 44 44 44 44 44 32 0 0 0 0 0 32
32 0 0 0 0 0 32 44 44 44 44 44 44 44 44 44 44 44 44 44 44 44 44 44 44 44 44 44 44 44 44 44 44 44 44 44 44 44 44 44 44 44 44 32 0 0 0 0 0 32
32 0 0 0 0 0 32 44 44 44 44 44 44 44 44 44 44 44 44 44 44 44 44 44 44 44 44 44 44 44 44 44 44 44 44 44 44 44 44 44 44 44 44 32 0 0 0 0 0 32
32 0 0 0 0 0 32 44 44 44 44 44 44 44 44 44 44 44 44 44 44 44 44 44 44 44 44 44 44 44 44 44 44 44 44 44 44 44 44 44 44 44 44 32 0 0 0 0 0 32
32 0 0 0 0 0 32 44 44 44 44 44 44 44 44 44 44 44 44 44 44 44 44 44 44 44 44 44 44 44 44 44 44 44 44 44 44 44 44 44 44 44 44 32 0 0 0 0 0 32
32 0 0 0 0 0 32 44 44 44 44 44 44 44 44 44 44 44 44 44 44 44 44 44 44 44 44 44 44 44 44 44 44 44 44 44 44 44 44 44 44 44 44 32 0 0 0 0 0 32
32 0 0 0 0 0 32 44 44 44 44 44 44 44 44 44 44 44 44 44 44 44 44 44 44 44 44 44 44 44 44 44 44 44 44 44 44 44 44 44 44 44 44 32 0 0 0 0 0 32
32 0 0 0 0 0 32 44 44 44 44 44 44 44 44 44 44 44 44 44 44 44 44 44 44 44 44 44 44 44 44 44 44 44 44 44 44 44 44 44 44 44 44 32 0 0 0 0 0 32
32 0 0 0 0 0 32 44 44 44 44 44 44 44 44 44 44 44 44 44 44 44 44 44 44 44 44 44 44 44 44 44 44 44 44 44 44 44 44 44 44 44 44 32 0 0 0 0 0 32
32 0 0 0 0 0 32 44 44 44 44 44 44 44 44 44 44 44 44 44 44 44 44 44 44 44 44 44 44 44 44 44 44 44 44 44 44 44 44 44 44 44 44 32 0 0 0 0 0 32
32 0 0 0 0 0 32 44 44 44 44 44 44 44 44 44 44 44 44 44 44 44 44 44 44 44 44 44 44 44 44 44 44 44 44 44 44 44 44 44 44 44 44 32 0 0 0 0 0 32
32 0 0 0 0 0 32 44 44 44 44 44 44 44 44 44 44 44 44 44 44 44 44 44 44 44 44 44 44 44 44 44 44 44 44 44 44 44 44 44 44 44 44 32 0 0 0 0 0 32
32 0 0 0 0 0 32 32 44 44 44 44 44 44 44 44 44 44 44 44 44 44 44 44 44 44 44 44 44 44 44 44 44 44 44 44 44 44 44 44 44 44 44 32 0 0 0 0 0 32
32 0 0 0 0 0 32 32 32 44 44 44 44 44 44 44 44 44 44 44 44 44 44 44 44 44 44 44 44 44 44 44 44 44 44 44 44 44 44 44 44 44 32 32 0 0 0 0 0 32
32 0 0 0 0 0 32 32 32 32 44 44 44 44 44 44 44 44 44 44 44 44 44 44 44 44 44 44 44 44 44 44 44 44 44 44 44 44 44 44 44 32 32 32 0 0 0 0 0 32
32 0 0 0 0 0 32 32 32 32 32 44 44 44 44 44 44 44 44 44 44 44 44 44 44 44 44 44 44 44 44 44 44 44 44 44 44 44 44 44 32 32 32 32 0 0 0 0 0 32
32 0 0 0 0 0 32 32 32 32 32 32 44 44 44 44 44 44 44 44 44 44 44 44 44 44 44 44 44 44 44 44 44 44 44 44 44 44 44 32 32 32 32 32 0 0 0 0 0 32
32 32 32 32 32 32 32 32 32 32 32 32 32 32 32 32 32 32 32 32 32 32 32 32 32 44 32 32 32 32 32 32 32 32 32 32 32 32 32 32 32 32 32 32 32 32 32 32 32 32
32 0 0 0 0 0 0 0 0 0 0 0 0 0 0 0 0 0 32 44 44 44 44 44 44 44 44 44 44 44 44 44 44 44 44 44 44 44 44 44 44 44 44 44 44 44 44 44 44 32
32 0 0 0 0 0 0 0 0 0 0 0 0 0 0 0 0 0 32 44 44 44 44 44 44 44 44 44 44 44 44 44 44 44 44 44 44 44 44 44 44 44 44 44 44 44 44 44 44 32
32 0 0 0 0 0 0 0 0 0 0 0 0 0 0 0 0 0 32 44 44 44 44 44 44 44 44 44 44 44 44 44 44 44 44 44 44 44 44 44 44 44 44 44 44 44 44 44 44 32
32 0 0 0 0 0 0 0 0 0 0 0 0 0 0 0 0 32 32 44 44 44 44 44 44 44 44 44 44 44 44 44 44 44 44 44 44 44 44 44 44 44 44 44 44 44 44 44 44 32
32 0 0 0 0 0 0 0 0 0 0 0 0 0 0 0 0 32 44 44 44 44 44 44 44 44 44 44 44 44 44 44 44 44 44 44 44 44 44 44 44 44 44 44 44 44 44 44 44 32
32 0 0 0 0 0 0 0 0 0 0 0 0 0 0 0 0 32 32 44 44 44 44 44 44 44 44 44 44 44 44 44 44 44 44 44 44 44 44 44 44 44 44 44 44 44 44 44 44 32
32 0 0 0 0 0 0 0 0 0 0 0 0 0 0 0 0 0 32 44 44 44 44 44 44 44 44 44 44 44 44 44 44 44 44 44 44 44 44 44 44 44 44 44 44 44 44 44 44 32
32 0 0 0 0 0 0 0 0 0 0 0 0 0 0 0 0 0 32 44 44 44 44 44 44 44 44 44 44 44 44 44 44 44 44 44 44 44 44 44 44 44 44 44 44 44 44 44 44 32
32 32 32 32 32 32 32 32 32 32 32 32 32 32 32 32 32 32 32 32 32 32 32 32 32 32 32 32 32 32 32 32 32 32 32 32 32 32 32 32 32 32 32 32 32 32 32 32 32 32
