32 32 32 32 32 32 32 32 32 32 32 32 32 32 32 32 32 32 32 32 32 32 32 32 32 32 32 32 32 32 32 32 32 32 32 32 32 32 32 32 32 32 32 32 32 32 32 32 32 32
32 44 44 44 44 44 44 44 44 44 44 44 44 44 44 44 44 44 44 44 44 44 44 44 44 44 44 44 44 44 44 44 44 44 44 44 44 44 44 44 32 44 44 44 44 44 44 44 44 32
32 44 44 44 44 44 44 44 44 44 44 44 44 44 44 44 44 44 44 44 44 44 44 44 44 44 44 44 44 44 44 44 44 44 44 44 44 44 44 44 32 44 44 44 44 44 44 44 44 32
32 44 44 44 43 44 44 44 44 44 44 44 44 44 44 44 44 44 44 44 44 44 44 44 44 44 44 44 44 44 44 44 44 44 44 44 44 44 44 44 32 44 44 44 44 44 44 44 44 32
32 44 44 44 44 44 44 44 44 44 44 44 44 44 44 44 44 44 44 44 44 44 44 44 44 44 44 44 44 44 44 44 44 44 44 44 44 44 44 44 32 44 44 44 44 44 44 44 44 32
32 32 32 32 32 32 32 32 32 32 32 32 32 32 32 44 44 44 44 32 32 32 32 32 32 32 32 32 32 32 32 32 32 44 44 44 32 44 44 44 32 44 44 44 44 44 44 44 44 32
32 44 44 44 44 44 44 44 44 44 44 44 44 44 32 44 44 44 44 32 44 44 44 44 44 44 44 44 44 44 44 44 32 44 44 44 32 44 44 44 32 44 44 44 44 44 44 44 44 32
32 44 44 44 44 44 44 44 44 44 44 44 44 44 32 44 44 44 44 32 44 44 44 44 44 44 44 44 44 44 44 44 32 44 44 44 32 44 44 44 32 44 44 44 44 44 44 44 44 32
32 44 44 44 44 44 44 44 44 44 44 44 44 44 32 44 44 44 44 32 44 44 44 44 44 44 44 44 44 44 44 44 32 44 44 44 32 44 44 44 32 44 44 44 44 32 32 32 32 32
32 44 44 44 44 32 32 32 32 32 44 44 44 44 32 44 44 44 44 32 44 44 44 44 44 44 44 44 44 44 44 44 32 44 44 44 32 44 44 44 32 44 44 44 44 32 44 44 44 32
32 44 44 44 44 32 44 44 44 44 44 44 44 44 32 44 44 44 44 32 44 44 44 44 44 44 44 44 44 44 44 44 32 44 44 44 32 44 44 44 32 44 44 44 44 32 44 44 44 32
32 44 44 44 44 32 44 44 44 44 44 44 44 44 32 44 44 44 44 32 44 44 44 44 44 44 44 44 44 44 44 44 32 44 44 44 32 44 44 44 32 44 44 44 44 32 44 44 44 32
32 44 44 44 44 32 44 44 44 44 44 44 44 44 32 44 44 44 44 32 32 32 32 32 32 32 32 32 44 44 44 44 32 44 44 44 32 44 44 44 32 44 44 44 44 32 44 44 44 32
32 44 44 44 44 32 32 32 32 32 32 32 32 32 32 44 44 44 44 32 44 44 44 44 44 44 44 44 44 44 44 44 44 44 44 44 32 44 44 44 32 44 44 44 44 32 44 44 44 32
32 44 44 44 44 44 44 44 44 44 44 44 44 44 44 44 44 44 44 32 44 44 44 44 44 44 44 44 44 44 44 44 44 44 44 44 32 44 44 44 32 44 44 44 44 32 44 44 44 32
32 44 44 44 44 44 44 44 44 44 44 44 44 44 44 44 44 44 44 32 44 44 44 44 44 44 44 44 44 44 44 44 44 44 44 44 32 44 44 44 32 44 44 44 44 32 44 44 44 32
32 44 44 44 44 44 44 44 44 44 44 44 44 44 44 44 44 44 44 32 44 44 44 44 44 44 44 44 44 44 44 44 44 44 44 44 32 44 44 44 32 44 44 44 44 32 44 44 44 32
32 44 44 44 44 32 32 32 44 44 44 44 32 32 32 44 44 44 44 32 32 32 32 32 32 32 32 32 32 32 32 32 32 44 44 44 32 32 32 32 32 32 44 44 44 32 44 44 44 32
32 44 44 44 44 32 44 44 44 44 44 44 44 44 32 44 44 44 44 32 44 44 44 44 44 44 44 44 44 44 44 44 32 44 44 44 32 44 44 44 44 32 44 44 44 32 44 44 44 32
32 44 44 44 44 32 44 44 44 44 44 44 44 44 32 44 44 44 44 32 44 44 44 44 44 44 44 44 44 44 44 44 32 44 44 44 32 44 44 44 44 32 44 44 44 32 44 44 44 32
32 44 44 44 44 32 44 44 44 44 44 44 44 44 32 44 44 44 44 32 44 44 44 44 44 44 44 44 44 44 44 44 32 44 44 44 32 44 44 44 44 32 44 44 44 32 44 44 44 32
32 44 44 44 44 32 44 44 44 44 44 44 44 44 32 44 44 44 44 32 44 44 44 44 44 44 44 44 44 44 44 44 32 44 44 44 32 44 44 44 44 32 44 44 44 32 44 44 44 32
32 44 44 44 44 32 44 44 44 44 44 44 44 44 32 44 44 44 44 32 44 44 44 44 44 44 44 44 44 44 44 44 32 44 44 44 32 44 44 44 44 32 44 44 44 44 44 44 44 32
32 44 44 44 44 32 44 44 44 44 44 44 44 44 32 44 44 44 44 32 44 44 44 44 44 44 44 44 44 44 44 44 32 44 44 44 32 44 44 44 44 44 44 44 44 44 44 44 44 32
32 44 44 44 44 32 44 44 44 44 44 44 44 44 32 44 44 44 44 32 44 44 44 44 44 44 44 44 44 44 44 44 32 44 44 44 32 44 44 44 44 44 44 44 44 44 44 44 44 32
32 44 44 44 44 32 44 44 44 44 44 44 44 44 32 44 44 44 44 32 44 44 44 44 44 44 44 44 44 44 44 44 32 44 44 44 32 44 44 44 44 44 44 44 44 44 44 44 44 32
32 44 44 44 44 32 32 32 32 32 32 32 32 32 32 44 44 44 44 32 32 32 32 32 44 44 44 44 32 32 32 32 32 44 44 44 32 32 32 32 32 32 32 32 32 32 44 44 44 32
32 44 44 44 44 44 44 44 44 44 44 44 44 44 44 44 44 44 44 44 44 44 44 44 44 44 44 44 44 44 44 44 32 44 44 44 44 44 44 44 44 44 44 44 44 44 44 44 44 32
32 44 44 44 44 44 44 44 44 44 44 44 44 44 44 44 44 44 44 44 44 44 44 44 44 44 44 44 44 44 44 44 32 44 44 44 44 44 44 44 44 44 44 44 44 44 44 44 44 32
32 44 44 44 44 44 44 44 44 44 44 44 44 44 44 44 44 44 44 44 44 44 44 44 44 44 44 44 44 44 44 44 32 44 44 44 44 44 44 44 44 44 44 44 44 44 44 44 44 32
32 44 44 44 44 44 44 44 44 44 44 44 44 44 44 44 44 44 44 44 44 44 44 44 44 44 44 44 44 44 44 44 32 44 44 44 44 44 44 44 44 44 44 44 44 44 44 44 44 32
32 44 44 44 44 32 32 32 32 32 32 32 32 32 32 44 44 44 44 32 32 32 32 32 44 44 44 44 32 32 32 32 32 32 32 32 32 32 32 32 44 44 44 44 32 44 44 44 44 32
32 44 44 44 44 32 44 44 44 44 44 44 44 44 32 44 44 44 44 44 44 44 44 32 44 44 44 44 32 44 44 44 44 44 44 44 44 44 44 32 44 44 44 44 32 44 44 44 44 32
32 44 44 44 44 32 44 44 44 44 44 44 44 44 32 44 44 44 44 44 44 44 44 32 44 44 44 44 32 44 44 44 44 44 44 44 44 44 44 32 44 44 44 44 32 44 44 44 44 32
32 44 44 44 44 32 44 44 44 44 44 44 44 44 32 44 44 44 44 44 44 44 44 32 44 44 44 44 32 44 44 44 44 44 44 44 44 44 44 32 44 44 44 44 32 44 44 44 44 32
32 44 44 44 44 32 44 44 44 44 44 44 44 44 32 44 44 44 44 44 44 44 44 32 44 44 44 44 32 44 44 44 44 44 44 44 44 44 44 32 44 44 44 44 32 44 44 44 44 32
32 44 44 44 44 32 44 44 44 44 44 44 44 44 32 44 44 44 44 44 44 44 44 32 44 44 44 44 32 44 44 44 44 44 44 44 44 44 44 32 44 44 44 44 32 44 44 44 44 32
32 44 44 44 44 44 44 44 44 44 44 44 44 44 32 44 44 44 44 44 44 44 44 32 44 44 44 44 32 44 44 44 44 44 44 44 44 44 44 32 44 44 44 44 32 44 44 44 44 32
32 44 44 44 44 44 44 44 44 44 44 44 44 44 32 44 44 44 44 44 44 44 44 32 44 44 44 44 32 44 44 44 44 44 44 44 44 44 44 32 44 44 44 44 32 44 44 44 44 32
32 44 44 44 44 44 44 44 44 44 44 44 44 44 32 44 44 44 44 44 44 44 44 32 44 44 44 44 32 44 44 44 44 44 44 44 44 44 44 32 44 44 44 44 32 44 44 44 44 32
32 44 44 44 44 44 44 44 44 44 44 44 44 44 32 44 44 44 44 44 44 44 44 32 44 44 44 44 32 32 32 32 44 44 44 44 32 32 32 32 44 44 44 44 32 32 32 32 32 32
32 44 44 44 44 32 44 44 44 44 44 44 44 44 32 44 44 44 44 44 44 44 44 32 44 44 44 44 44 44 44 32 44 44 44 44 32 44 44 44 44 44 44 44 44 44 44 44 44 32
32 44 44 44 44 32 44 44 44 44 44 44 44 44 32 44 44 44 44 44 44 44 44 32 44 44 44 44 44 44 44 32 44 44 44 44 32 44 44 44 44 44 44 44 44 44 44 44 44 32
32 44 44 44 44 32 44 44 44 44 44 44 44 44 32 44 44 44 44 44 44 44 44 32 44 44 44 44 44 44 44 32 44 44 44 44 32 44 44 44 44 44 44 44 44 44 44 44 44 32
32 44 44 44 44 32 44 44 44 44 44 44 44 44 32 44 44 44 44 44 44 44 44 32 44 44 44 44 44 44 44 32 44 44 44 44 32 44 44 44 44 44 44 44 44 44 44 44 44 32
32 44 44 44 44 32 32 32 32 32 32 32 32 32 32 32 32 32 32 32 32 32 32 32 32 32 32 32 32 32 32 32 44 44 44 44 32 44 44 44 44 44 44 44 44 44 44 44 44 32
32 44 44 44 44 44 44 44 44 44 44 44 44 44 44 44 44 44 44 44 44 44 44 44 44 44 44 44 44 44 44 44 44 44 44 44 32 44 44 44 44 44 44 44 44 44 44 44 44 32
32 44 44 44 44 44 44 44 44 44 44 44 44 44 44 44 44 44 44 44 44 44 44 44 44 44 44 44 44 44 44 44 44 44 44 44 32 44 44 44 44 44 44 44 44 44 44 44 44 32
32 44 44 44 44 44 44 44 44 44 44 44 44 44 44 44 44 44 44 44 44 44 44 44 44 44 44 44 44 44 44 44 44 44 44 44 32 44 44 44 44 44 44 44 44 44 44 44 44 32
32 32 32 32 32 32 32 32 32 32 32 32 32 32 32 32 32 32 32 32 32 32 32 32 32 32 32 32 32 32 32 32 32 32 32 32 32 32 32 32 32 32 32 32 32 32 32 32 32 32
