0 0 0 0 0 0 0 0 0 0 0 0 0 0 0 0 0 0 0 0 0 0 0 0 0 0 0 0 0 0 0 0 0 0 0 0 0 0 0 0 0 0 0 0 0 0 0 0 0 0 
18 18 18 18 18 18 18 18 18 18 18 68 32 32 32 32 32 32 32 32 32 32 32 32 32 32 32 32 32 32 32 32 32 32 32 32 32 32 67 18 18 18 18 18 18 18 18 18 18 18 
18 18 18 18 18 18 18 18 18 18 18 68 43 43 43 43 43 43 43 43 43 43 43 43 43 43 43 43 43 43 43 43 43 43 43 43 43 43 67 18 18 18 18 18 18 18 18 18 18 18 
18 18 18 18 18 18 18 18 18 18 18 68 43 43 43 43 43 43 43 43 43 43 43 43 43 43 43 43 43 43 43 43 43 43 43 43 43 43 67 18 18 18 18 18 18 18 18 18 18 18 
18 18 18 18 1 18 18 18 18 18 18 68 43 43 43 43 43 43 43 43 43 124 125 43 43 43 43 43 43 43 43 43 43 43 43 43 43 43 67 18 1 18 18 18 18 1 18 18 18 18 
18 18 18 18 18 18 18 18 18 18 18 68 43 43 43 43 43 43 43 109 116 123 126 139 140 43 43 43 43 43 43 43 43 43 43 43 43 43 67 18 18 18 18 18 18 18 18 18 18 18 
18 18 18 18 18 18 18 18 18 18 18 68 43 43 43 43 43 100 104 108 115 122 127 138 141 144 43 43 43 43 43 43 43 43 43 43 43 43 67 18 18 18 18 18 18 18 18 18 18 18 
18 18 18 18 18 18 18 18 18 18 18 68 43 43 43 43 95 99 103 107 121 128 128 128 142 145 148 152 43 43 43 43 43 43 43 43 43 43 67 18 18 18 18 18 18 18 18 18 18 18 
18 18 18 62 69 69 69 69 69 69 69 72 43 43 86 90 94 98 102 106 106 129 129 129 143 146 149 153 158 43 43 43 43 43 43 43 43 43 73 69 69 69 69 69 69 69 69 69 63 18 
18 18 18 68 43 43 43 43 43 43 43 43 43 81 85 89 94 97 101 105 130 130 130 130 147 147 150 173 154 159 152 43 43 43 43 43 43 43 43 43 43 43 43 43 43 43 43 43 67 18 
18 18 18 68 43 43 43 43 43 43 43 43 76 79 84 89 93 113 113 113 113 113 113 106 122 157 151 155 149 160 141 176 43 43 43 43 43 43 43 43 43 43 43 43 43 43 43 43 67 18 
18 18 18 68 43 43 43 43 43 43 43 43 75 79 84 88 92 92 92 92 92 122 122 122 122 157 157 169 161 160 173 164 172 43 43 43 43 43 43 43 43 43 43 43 43 43 43 43 67 18 
18 18 18 68 43 43 43 43 43 43 43 43 75 79 83 87 87 87 87 87 87 112 121 121 136 121 121 121 121 155 173 173 175 43 43 43 43 43 43 43 43 43 43 43 43 43 43 43 67 18 
18 18 62 72 43 43 43 43 43 43 43 43 75 78 43 43 43 43 43 43 43 118 120 151 151 151 151 151 151 151 155 173 175 43 43 43 43 43 43 43 43 43 43 43 43 43 43 43 67 18 
18 18 68 43 43 43 43 43 43 43 43 43 74 77 77 77 77 77 77 77 77 117 119 170 170 170 170 170 170 170 170 169 174 43 43 43 43 43 43 43 43 43 43 43 43 43 43 43 67 18 
18 18 68 43 43 43 43 43 43 43 43 43 43 43 43 43 43 43 43 43 43 43 43 43 43 43 43 43 43 43 43 43 43 43 43 43 43 43 43 43 43 43 43 43 43 43 43 43 67 18 
18 18 68 43 43 43 43 176 43 43 43 43 43 43 43 43 43 43 43 43 43 43 43 43 43 43 43 43 43 43 43 43 43 43 43 43 43 43 43 43 43 43 43 43 43 43 43 43 67 18 
18 18 68 43 43 43 43 43 43 43 43 43 43 43 43 43 43 43 43 43 43 43 43 43 43 43 43 43 43 43 43 43 43 43 43 43 43 43 43 43 43 43 43 43 43 43 43 43 67 18 
18 18 68 43 43 43 43 43 43 43 43 43 43 43 43 43 43 43 43 43 43 43 43 43 43 43 43 43 43 43 43 43 43 43 43 43 43 43 43 43 43 43 70 66 66 66 66 66 64 18 
18 18 68 43 43 43 43 43 43 43 43 43 43 43 43 43 43 43 43 43 43 43 43 43 43 43 43 43 43 43 43 43 43 43 43 43 70 66 66 66 66 66 64 18 18 18 18 18 18 18 
18 18 68 43 43 43 43 43 43 43 43 43 43 43 43 43 43 43 43 43 43 43 43 43 43 43 43 43 43 43 43 43 43 43 43 43 67 18 18 18 18 18 18 18 18 19 18 18 18 18 
18 18 68 43 43 43 43 43 43 43 43 43 43 43 43 43 43 43 43 43 43 43 43 43 43 43 43 43 43 43 43 43 43 43 43 43 67 18 18 19 18 18 18 19 18 18 18 18 18 18 
18 18 68 43 43 43 43 43 43 43 43 43 43 43 43 43 43 43 43 43 43 43 43 43 43 43 43 43 43 43 43 43 43 43 43 43 67 18 18 18 18 18 18 18 18 18 18 18 18 18 
18 18 68 43 43 43 43 43 43 43 43 43 43 43 43 43 43 43 43 43 43 43 43 43 43 43 43 43 43 43 43 43 43 43 43 43 67 18 18 19 18 18 18 18 18 18 18 18 18 18 
18 18 68 43 43 43 43 43 43 43 43 43 43 43 43 43 43 43 43 43 43 43 43 43 43 43 43 43 43 43 43 43 43 43 43 43 67 18 18 18 18 18 18 19 18 18 18 18 18 18 
18 18 68 43 43 43 43 43 43 43 43 43 43 43 43 43 43 43 43 43 43 43 43 43 43 43 43 43 43 43 43 43 43 43 43 43 67 18 18 18 18 18 18 18 18 18 18 18 18 18 
18 18 68 43 43 43 43 43 43 43 43 43 43 43 43 43 43 43 43 43 43 43 43 43 43 43 43 43 43 43 43 43 43 43 43 43 67 18 19 18 18 19 18 18 18 18 18 18 18 18 
18 18 65 66 66 66 66 66 66 71 43 43 43 43 43 43 43 43 43 43 43 43 43 43 43 43 43 43 43 43 43 43 43 43 43 43 73 69 69 69 69 69 69 69 69 69 63 18 18 18 
18 18 18 18 18 18 18 18 18 68 43 43 43 43 43 43 43 43 43 43 43 43 43 43 43 43 43 43 43 43 43 43 43 43 43 43 43 43 43 43 43 43 43 43 43 43 67 18 18 18 
18 18 18 18 18 18 18 18 18 65 66 66 66 66 66 66 66 71 43 43 43 43 43 43 43 43 43 43 43 43 43 43 43 43 43 43 43 43 43 43 43 43 43 43 43 43 67 18 18 18 
18 18 18 18 18 18 18 18 18 18 18 18 18 18 18 18 18 68 43 43 43 43 43 43 43 43 43 43 43 43 43 43 43 43 43 43 43 43 43 43 43 43 43 43 43 43 67 18 18 18 
18 18 18 18 18 18 18 18 18 18 18 18 18 18 18 18 18 68 43 43 43 43 43 43 43 43 43 43 43 43 43 43 43 43 43 43 43 43 43 43 43 43 43 43 43 43 67 18 18 18 
18 18 18 18 18 18 18 18 18 18 18 18 18 18 18 18 18 68 43 43 43 43 43 43 43 43 43 43 43 43 43 43 43 43 43 43 43 43 43 43 43 43 43 43 43 43 67 18 18 18 
18 18 18 18 18 18 18 18 18 18 18 18 18 18 18 18 18 68 43 43 43 43 43 43 43 43 43 43 43 43 43 43 43 43 43 43 43 43 43 43 43 43 43 43 43 43 67 18 18 18 
18 18 18 18 18 18 18 18 18 18 18 18 18 18 18 18 18 68 43 43 43 43 43 43 43 43 43 43 43 43 43 43 43 43 43 43 43 43 43 43 43 43 43 43 43 43 67 18 18 18 
18 18 18 18 18 18 18 18 18 18 18 18 18 18 18 18 18 68 43 43 43 43 43 43 43 43 43 43 43 43 43 43 43 43 43 43 43 43 43 43 43 43 43 70 66 66 64 18 18 18 
18 18 18 18 18 18 18 18 18 18 18 18 18 18 18 18 18 68 43 43 43 43 43 43 43 70 66 66 71 43 43 43 43 43 43 43 70 66 66 71 43 43 43 67 18 18 18 18 18 18 
18 18 18 18 18 18 18 18 18 18 18 18 18 18 18 18 18 68 43 43 43 43 43 43 43 73 69 69 72 43 43 43 43 43 70 66 64 18 18 68 43 43 43 67 18 18 18 18 18 18 
18 18 18 18 18 18 18 18 18 18 18 18 18 18 18 18 18 68 43 43 43 43 43 43 43 43 43 43 43 43 43 43 43 43 67 18 18 18 18 68 43 43 43 67 18 18 18 18 18 18 
18 18 18 18 18 18 18 18 18 18 18 18 18 18 18 18 18 68 43 43 43 43 43 43 43 43 43 43 43 43 43 43 43 43 67 18 18 18 18 68 43 43 43 67 18 34 34 34 18 18 
18 18 18 18 18 18 18 18 18 18 18 18 18 18 18 18 18 68 43 43 43 43 43 43 43 43 43 43 43 43 43 43 43 43 67 18 18 18 18 68 43 43 43 67 34 34 34 34 18 18 
18 18 18 18 18 18 18 18 18 18 18 18 18 18 18 18 18 68 43 43 43 43 43 43 43 43 43 43 43 43 43 43 43 43 67 18 18 18 18 68 43 43 43 38 34 34 34 34 18 18 
18 18 18 18 18 18 18 18 18 18 18 18 18 18 18 18 18 68 43 43 43 43 43 43 43 43 43 43 43 43 43 43 43 43 67 18 18 18 18 68 43 43 43 42 34 34 34 34 18 18 
18 18 18 18 18 18 18 18 18 18 18 18 18 18 18 18 18 68 43 43 70 66 71 43 43 43 43 43 43 43 43 43 43 43 67 18 18 18 18 65 66 66 66 64 41 34 34 34 18 18 
18 18 18 18 18 18 18 18 18 18 18 18 18 18 18 18 18 68 43 43 67 18 68 43 43 43 43 43 43 43 43 43 43 43 67 18 18 18 18 18 18 18 18 18 18 41 41 41 18 18 
18 18 18 18 18 18 18 18 18 18 18 18 18 18 18 18 18 65 71 43 67 18 68 43 43 43 43 43 43 43 43 43 43 43 67 18 18 18 18 18 18 18 18 18 18 18 18 18 18 18 
18 18 18 18 18 18 18 18 18 18 18 18 18 18 18 18 18 18 65 66 64 18 65 66 66 66 66 66 66 66 66 66 66 66 64 18 18 18 18 18 18 18 18 18 18 18 18 18 18 18 
18 18 18 18 18 18 18 18 18 18 18 18 18 18 18 18 18 18 18 18 18 18 18 18 18 18 18 18 18 18 18 18 18 18 18 18 18 18 18 18 18 18 18 18 18 18 18 18 18 18 
18 18 18 18 18 18 18 18 18 18 18 18 18 18 18 18 18 18 18 18 18 18 18 18 18 18 18 18 18 18 18 18 18 18 18 18 18 18 18 18 18 18 18 18 18 18 18 18 18 18 
18 18 18 18 18 18 18 18 18 18 18 18 18 18 18 18 18 18 18 18 18 18 18 18 18 18 18 18 18 18 18 18 18 18 18 18 18 18 18 18 18 18 18 18 18 18 18 18 18 18 
