18 18 18 18 18 18 18 18 18 19 18 18 18 18 18 18 18 18 18 18 18 18 18 18 18 18 18 18 18 18 18 18 19 18 18 18 18 18 18 18 18 18 18 18 18 18 18 19 18 18
18 18 18 18 18 18 18 18 18 18 18 18 18 18 18 18 19 18 18 18 18 18 18 19 18 18 18 18 18 18 18 18 18 18 18 18 18 19 18 18 18 19 18 18 18 18 18 18 18 18
18 18 19 18 18 18 18 18 18 18 18 18 19 18 18 18 18 18 18 19 18 18 18 18 18 18 18 18 18 18 19 18 18 18 19 18 18 18 18 18 18 18 18 18 19 18 18 18 18 18
18 18 18 18 18 18 18 19 18 18 18 18 18 18 18 18 18 18 18 18 18 18 18 18 18 19 18 18 18 18 18 18 18 18 18 18 18 18 18 18 18 18 18 18 18 18 18 18 18 18
18 18 18 18 18 18 18 18 18 18 18 18 18 18 18 18 18 18 18 18 18 18 18 18 18 18 18 18 18 18 18 18 18 18 18 18 18 18 18 18 18 18 18 18 18 18 18 18 18 18
18 18 18 18 18 18 18 18 18 18 18 18 18 18 18 18 18 18 18 18 18 18 18 18 18 18 18 18 18 18 18 18 18 18 18 18 18 18 18 18 18 18 18 18 18 18 18 18 18 18
18 19 18 18 18 18 18 18 18 18 69 69 69 69 69 69 69 69 69 69 69 69 69 69 69 69 69 69 69 69 69 69 69 69 69 69 69 69 69 18 18 18 18 18 18 18 18 18 18 18
18 18 18 18 18 18 18 18 18 68 32 32 32 32 32 32 32 32 32 32 32 32 32 32 43 43 43 43 43 43 43 43 43 43 43 43 43 32 43 67 18 18 18 18 18 18 18 18 18 18
18 18 18 18 18 18 18 18 68 32 43 43 43 43 43 43 43 43 43 43 43 43 43 32 43 43 43 43 43 43 43 43 43 43 43 43 43 32 43 43 67 18 18 18 18 18 18 18 18 18
18 18 18 18 18 18 18 68 32 43 43 43 43 43 43 43 43 43 43 43 43 43 43 43 43 43 43 43 43 43 43 43 43 43 43 43 43 32 43 43 43 67 18 18 18 18 18 18 18 18
18 18 18 18 18 68 43 43 32 43 43 43 43 43 43 43 43 43 43 43 43 43 43 43 43 43 43 43 43 43 43 43 43 43 43 43 43 32 43 43 43 43 43 67 18 18 18 18 19 18
18 18 18 18 68 43 43 43 32 43 43 43 43 43 43 43 43 43 43 43 43 43 43 32 43 43 43 43 43 43 43 43 43 43 43 43 43 32 43 43 43 43 43 43 67 18 18 18 18 18
18 18 18 18 68 43 43 43 32 43 43 43 43 43 43 43 43 43 43 43 43 43 43 32 43 43 43 43 43 43 43 43 43 43 43 43 43 32 43 43 43 43 43 43 43 67 18 18 18 18
19 18 18 18 68 43 43 43 32 32 32 32 32 32 32 32 32 32 43 43 32 32 32 32 43 43 32 43 43 43 43 43 43 43 43 43 43 32 43 43 43 43 43 43 43 67 18 18 18 18
18 18 18 18 68 43 43 43 43 43 43 43 43 43 43 43 43 32 43 43 32 43 43 43 43 43 32 43 43 43 43 43 43 43 43 43 43 32 43 43 43 43 43 43 43 67 19 18 18 18
18 18 18 18 68 43 43 43 43 43 43 43 43 43 43 43 43 32 43 43 32 43 43 43 43 43 32 43 43 43 43 43 43 43 43 43 43 32 43 43 43 43 43 43 43 67 18 18 18 18
18 18 18 18 68 43 43 43 43 43 43 43 43 43 43 43 43 32 43 43 32 43 43 43 43 43 32 43 43 43 43 43 43 43 43 32 32 32 32 32 32 32 32 43 43 67 18 18 18 18
18 18 19 18 68 43 43 43 43 43 43 43 43 43 43 43 32 32 43 43 32 32 32 32 32 32 32 32 32 32 32 32 32 32 43 32 43 43 43 43 43 43 43 43 43 67 18 18 18 18
18 18 18 18 68 43 43 43 43 43 43 43 43 43 43 32 32 43 43 43 43 43 43 43 43 43 43 43 43 43 43 43 43 32 32 32 43 43 43 43 43 43 43 43 43 67 18 18 18 19
18 18 18 18 68 43 43 43 43 43 43 43 43 43 32 32 43 43 43 43 43 43 43 43 43 43 43 43 43 43 43 43 43 43 43 43 43 43 43 43 43 43 43 43 43 67 18 18 18 18
18 18 18 18 68 43 43 43 43 43 43 43 43 32 32 43 43 43 43 43 43 43 43 43 43 43 43 43 43 43 43 43 43 43 43 32 32 43 43 43 43 43 43 43 43 67 18 19 18 18
18 18 18 18 68 43 43 43 43 43 43 43 43 32 43 43 43 43 43 43 43 43 43 43 43 43 43 43 43 43 43 43 43 43 43 43 32 43 43 43 43 43 43 43 43 67 18 18 18 18
18 18 18 18 68 43 43 43 43 43 43 43 43 32 43 43 43 43 43 43 43 43 43 43 43 43 43 43 43 43 43 43 43 43 43 43 32 32 32 32 32 32 32 32 32 67 18 18 18 18
19 18 18 18 68 43 43 43 43 43 43 43 43 43 43 43 43 43 43 43 43 43 43 43 43 43 43 43 43 43 43 43 43 43 43 43 43 43 43 43 43 43 43 43 43 67 18 18 18 18
18 18 18 18 68 43 43 43 43 43 43 43 43 43 43 43 43 43 43 43 43 43 43 43 43 43 43 43 43 43 43 43 43 43 43 43 43 43 43 43 43 43 43 43 43 67 18 18 18 18
18 18 18 18 68 43 43 43 43 43 43 43 43 32 43 43 43 43 43 43 43 43 43 43 43 43 43 43 43 43 43 43 43 43 43 43 32 43 43 43 43 43 43 43 43 67 19 18 18 18
18 18 18 18 68 43 43 43 43 43 43 43 43 32 32 32 32 32 32 32 32 32 33 33 33 33 43 43 32 32 32 32 32 32 32 32 32 43 43 43 43 43 43 43 43 67 18 18 18 18
18 18 18 18 68 32 32 32 32 32 32 32 32 32 43 43 43 43 43 43 43 43 33 33 33 33 43 43 43 43 43 43 43 43 43 43 32 32 32 32 32 32 32 32 32 67 18 18 18 18
18 18 18 18 68 43 61 60 61 43 43 43 43 43 43 43 43 43 43 43 43 43 33 43 43 33 43 43 43 43 43 43 43 43 43 43 43 43 43 43 43 43 43 43 43 67 18 18 19 18
18 18 18 18 68 43 57 58 59 43 43 43 43 43 43 43 43 43 43 43 43 33 33 43 43 33 43 43 43 43 43 43 43 43 43 43 43 43 43 43 43 43 43 43 43 67 18 18 18 18
18 19 18 18 68 43 43 43 43 43 43 43 43 43 43 43 43 33 33 33 33 33 43 43 43 33 43 43 43 43 43 43 43 43 43 43 43 43 43 43 43 43 43 43 43 67 18 18 18 18
18 18 18 18 68 43 43 43 43 43 43 43 43 43 43 33 33 43 43 43 43 43 43 43 43 33 43 43 43 43 43 43 43 43 43 43 43 43 43 43 43 43 43 43 43 67 18 18 18 18
18 18 18 18 68 43 43 43 43 43 43 43 33 33 33 43 43 43 43 43 43 43 43 43 43 33 43 43 43 43 43 43 43 43 43 43 43 43 43 43 43 43 43 43 43 67 18 18 18 18
18 18 18 18 68 43 43 43 43 43 43 33 33 43 43 43 43 43 43 43 43 43 43 43 43 33 43 43 43 43 43 43 43 43 43 43 43 43 43 43 43 43 43 43 43 67 18 19 18 18
18 18 18 18 68 43 43 43 43 33 33 43 43 43 43 43 43 43 43 43 43 43 43 43 43 33 43 43 43 43 43 43 43 43 43 43 43 43 43 43 43 43 43 43 43 67 18 18 18 18
18 18 19 18 68 43 43 43 33 43 43 43 43 33 33 33 33 33 33 33 33 33 43 43 33 33 33 33 33 33 33 33 33 43 43 43 43 43 43 43 43 43 43 43 43 67 18 18 18 18
18 18 18 18 68 43 43 43 33 43 43 43 33 33 43 43 43 43 43 43 43 43 43 43 43 43 43 43 43 43 43 43 33 33 33 33 33 33 43 43 43 43 43 43 43 67 18 18 18 18
18 18 18 18 68 43 43 43 43 43 43 43 43 43 43 43 43 43 43 43 43 43 43 43 43 43 43 43 43 43 43 43 43 43 43 43 43 43 33 33 33 33 33 43 43 67 18 18 19 18
18 18 18 18 68 43 43 43 43 43 43 43 43 43 43 70 66 66 66 66 66 66 34 34 34 34 34 34 66 66 66 66 66 66 71 43 43 43 43 43 43 43 43 43 43 67 18 18 18 18
19 18 18 18 68 43 43 43 43 43 43 43 43 43 70 64 18 18 18 18 18 18 34 34 34 34 34 34 18 18 18 18 18 18 65 71 43 43 43 43 43 43 43 43 43 67 18 19 18 18
18 18 18 18 68 43 43 43 43 43 43 43 43 70 64 18 18 18 18 18 18 18 34 34 34 34 34 34 18 18 18 18 18 18 18 65 71 43 43 43 43 43 43 43 43 67 18 18 18 18
18 18 18 18 68 43 43 43 43 43 43 43 70 64 18 18 18 18 18 18 18 18 34 34 34 34 34 34 18 18 18 18 18 18 18 18 65 71 43 43 43 43 43 43 43 67 18 18 18 18
18 18 18 18 68 43 43 43 43 43 43 43 67 18 18 18 18 19 18 18 18 18 34 34 34 34 34 34 18 18 18 18 18 18 18 19 18 68 43 43 43 43 43 43 43 67 18 18 18 18
18 18 18 18 68 43 43 43 43 43 43 43 67 18 19 18 18 18 18 18 19 18 41 40 40 40 40 41 19 18 18 18 18 18 18 18 18 68 43 43 43 43 43 43 43 67 18 19 18 18
18 18 18 18 68 43 43 43 43 43 43 2 67 18 18 18 18 18 18 18 18 18 18 18 18 18 18 18 18 18 18 18 19 18 18 18 18 68 2 43 43 43 43 43 43 67 18 18 18 18
18 18 18 18 65 66 66 66 66 66 66 66 64 18 18 18 18 18 18 18 18 18 18 18 18 19 18 18 18 18 19 18 18 18 18 18 18 65 66 66 66 66 66 66 66 64 18 18 18 18
18 19 18 18 18 18 18 18 18 18 18 18 18 19 18 18 18 19 18 18 18 18 18 18 18 18 18 19 18 18 18 18 19 18 18 18 18 18 18 19 18 19 18 18 18 19 18 18 19 18
18 18 18 18 19 18 18 18 18 19 18 18 18 18 18 18 18 18 18 18 18 19 18 18 18 18 18 18 18 18 18 18 18 18 18 19 19 18 18 18 18 18 18 19 18 18 18 18 18 18
18 19 18 18 18 18 18 18 18 18 18 18 18 19 18 18 18 18 18 18 18 18 18 18 18 18 18 18 18 18 19 18 18 19 18 18 19 18 18 18 19 18 18 18 18 18 19 18 18 19
18 18 18 18 18 19 18 18 18 18 18 18 18 18 18 18 18 18 18 18 18 18 18 18 18 19 18 18 18 18 18 18 18 18 18 18 18 18 18 18 18 18 18 19 18 18 18 18 18 18
